# SRC: SgrA 
# RA: 17 h 45 m 40.0409 s
# DEC: -28 deg 59 m 31.8820 s
# MJD: 57849 
# RF: 230.0000 GHz 
# BW: 2.0480 GHz 
# PHASECAL: 1 
# AMPCAL: 1 
# OPACITYCAL: 1 
# DCAL: 1 
# FRCAL: 1 
# ----------------------------------------------------------------------------------------------------------------------------------------
# Site       X(m)             Y(m)             Z(m)           SEFDR      SEFDL     FR_PAR   FR_EL   FR_OFF  DR_RE    DR_IM    DL_RE    DL_IM   
# ALMA       2225061.16360   -5440057.36994   -2481681.15054    220.00     220.00   0.00    0.00    0.00    0.0000   0.0000   0.0000   0.0000 
# APEX       2225039.52970   -5441197.62920   -2479303.35970  22000.00   22000.00   0.00    0.00    0.00    0.0000   0.0000   0.0000   0.0000 
# JCMT      -5464584.67600   -2493001.17000    2150653.98200   4700.00    4700.00   0.00    0.00    0.00    0.0000   0.0000   0.0000   0.0000 
# LMT        -768715.63200   -5988507.07200    2063354.85200    560.00     560.00   0.00    0.00    0.00    0.0000   0.0000   0.0000   0.0000 
# SMAP      -5464555.49300   -2492927.98900    2150797.17600   4900.00    4900.00   0.00    0.00    0.00    0.0000   0.0000   0.0000   0.0000 
# SMTO      -1828796.20000   -5054406.80000    3427865.20000  11900.00   11900.00   0.00    0.00    0.00    0.0000   0.0000   0.0000   0.0000 
# SPT              0.01000          0.01000   -6359609.70000   1600.00    1600.00   0.00    0.00    0.00    0.0000   0.0000   0.0000   0.0000 
# ----------------------------------------------------------------------------------------------------------------------------------------
# time (hr) tint    T1     T2    Tau1   Tau2   U (lambda)       V (lambda)         Iamp (Jy)    Iphase(d)  Qamp (Jy)    Qphase(d)   Uamp (Jy)    Uphase(d)   Vamp (Jy)    Vphase(d)   Isigma (Jy)   Qsigma (Jy)   Usigma (Jy)   Vsigma (Jy)
08.39999986 480.00   APEX   ALMA  0.10   0.10      -522683.5937     1935731.5000    1.89458443  -112.0330   0.00231758   -49.2485    0.00390040  -138.1710    0.00219495   132.2237    0.00178295    0.00178295    0.00178295    0.00178295
08.39999986 480.00    LMT   ALMA  0.10   0.10  -2112562176.0000  2567837696.0000    0.32447472   -27.0897   0.00043649   128.4675    0.00018153   174.8376    0.00050046   114.6848    0.00028446    0.00028446    0.00028446    0.00028446
08.39999986 480.00    LMT   APEX  0.10   0.10  -2112039424.0000  2565902080.0000    0.32489442    85.3050   0.00147341   152.6614    0.00381318   -30.0743    0.00782443   -37.6052    0.00284461    0.00284461    0.00284461    0.00284461
08.39999986 480.00    SPT   ALMA  0.10   0.10   1041188800.0000 -4728819712.0000    0.32722410    72.6559   0.00014713    14.1861    0.00119967   169.4581    0.00041741   -60.0856    0.00048083    0.00048083    0.00048083    0.00048083
08.39999986 480.00    SPT   APEX  0.10   0.10   1041711488.0000 -4730755584.0000    0.32377644  -176.5063   0.01046605   -73.0703    0.00246281   -61.5891    0.00442723  -110.6980    0.00480826    0.00480826    0.00480826    0.00480826
08.39999986 480.00    SPT    LMT  0.10   0.10   3153751040.0000 -7296657408.0000    0.03571518    59.8493   0.00070888    59.4586    0.00085017   176.7546    0.00132547  -127.8862    0.00076713    0.00076713    0.00076713    0.00076713
08.58333349 480.00   APEX   ALMA  0.10   0.10      -488320.8437     1947525.7500    1.89450035  -151.5166   0.00145967    93.3396    0.00288621   177.5445    0.00138197    55.5944    0.00178295    0.00178295    0.00178295    0.00178295
08.58333349 480.00    LMT   ALMA  0.10   0.10  -2157971968.0000  2617657088.0000    0.33455350  -132.6297   0.00062313   143.6844    0.00031389  -134.0833    0.00049644   -43.0454    0.00028446    0.00028446    0.00028446    0.00028446
08.58333349 480.00    LMT   APEX  0.10   0.10  -2157483776.0000  2615709440.0000    0.33707192    18.5186   0.00248050   -62.3695    0.00794658  -116.2954    0.00081944    14.4322    0.00284461    0.00284461    0.00284461    0.00284461
08.58333349 480.00    SPT   ALMA  0.10   0.10    828910080.0000 -4750636032.0000    0.31605302   -11.8905   0.00033912   110.9318    0.00058987    40.6431    0.00106058   -99.2608    0.00048083    0.00048083    0.00048083    0.00048083
08.58333349 480.00    SPT   APEX  0.10   0.10    829398400.0000 -4752583680.0000    0.32004666   140.9092   0.00488975  -139.1221    0.00680812   139.0916    0.00433463  -179.4929    0.00480826    0.00480826    0.00480826    0.00480826
08.58333349 480.00    SPT    LMT  0.10   0.10   2986882304.0000 -7368292864.0000    0.03871740    91.1476   0.00100329   136.7422    0.00130601   -85.4077    0.00094087   162.2556    0.00076713    0.00076713    0.00076713    0.00076713
08.90000010 480.00   APEX   ALMA  0.10   0.10      -426350.1250     1965963.5000    1.89427945   -22.6808   0.00036873    18.8469    0.00299515   170.4133    0.00205162    -7.1345    0.00178295    0.00178295    0.00178295    0.00178295
08.90000010 480.00    LMT   ALMA  0.10   0.10  -2224582400.0000  2705999616.0000    0.35063656    90.7054   0.00048411    40.6492    0.00036473   -60.7936    0.00044636   147.2339    0.00028446    0.00028446    0.00028446    0.00028446
08.90000010 480.00    LMT   APEX  0.10   0.10  -2224156160.0000  2704033792.0000    0.35074729   112.1802   0.00762244  -129.1069    0.00298949  -167.6485    0.00550215     7.8758    0.00284461    0.00284461    0.00284461    0.00284461
08.90000010 480.00   SMTO   ALMA  0.10   0.10  -2604906496.0000  3129668608.0000    0.37756768    11.3346   0.00164144  -135.4746    0.00152659     9.0967    0.00370267   -60.3461    0.00131130    0.00131130    0.00131130    0.00131130
08.90000010 480.00   SMTO   APEX  0.10   0.10  -2604480256.0000  3127702528.0000    0.36927959    33.7286   0.00855947   -22.2178    0.00388737   105.2299    0.02317556  -169.3093    0.01311298    0.01311298    0.01311298    0.01311298
08.90000010 480.00   SMTO    LMT  0.10   0.10   -380324096.0000   423668928.0000    1.60040280   -81.4912   0.00354005   -24.2627    0.00581606   -98.9636    0.00024158    89.9399    0.00209211    0.00209211    0.00209211    0.00209211
08.90000010 480.00    SPT   ALMA  0.10   0.10    458008576.0000 -4776577536.0000    0.29603130   -29.5170   0.00084508   -92.3685    0.00011270    90.7193    0.00074803    64.2639    0.00048083    0.00048083    0.00048083    0.00048083
08.90000010 480.00    SPT   APEX  0.10   0.10    458434912.0000 -4778543616.0000    0.29485977    -8.1257   0.00480687  -109.6316    0.00448271   100.6076    0.00089298    -2.5010    0.00480826    0.00480826    0.00480826    0.00480826
08.90000010 480.00    SPT    LMT  0.10   0.10   2682590976.0000 -7482576896.0000    0.03996572  -139.1180   0.00079164   115.9810    0.00107772   -83.4251    0.00197894   107.4316    0.00076713    0.00076713    0.00076713    0.00076713
08.90000010 480.00    SPT   SMTO  0.10   0.10   3062915072.0000 -7906246144.0000    0.05037868   -51.6267   0.00700940   -29.1790    0.00184608  -161.8138    0.00594293   -52.6699    0.00353631    0.00353631    0.00353631    0.00353631
09.08333302 480.00   APEX   ALMA  0.10   0.10      -389098.1562     1975476.3750    1.89933054    96.6925   0.00191540  -142.9267    0.00231693     5.7063    0.00153362    15.0176    0.00178295    0.00178295    0.00178295    0.00178295
09.08333302 480.00    LMT   ALMA  0.10   0.10  -2256148992.0000  2758271232.0000    0.35816122    29.9627   0.00011771  -108.5900    0.00045179  -153.7065    0.00037938   171.0268    0.00028446    0.00028446    0.00028446    0.00028446
09.08333302 480.00    LMT   APEX  0.10   0.10  -2255759872.0000  2756295680.0000    0.36191405   -67.2692   0.00223512   -63.5024    0.00530135   -85.2302    0.00695265   120.8771    0.00284461    0.00284461    0.00284461    0.00284461
09.08333302 480.00   SMTO   ALMA  0.10   0.10  -2684867072.0000  3191378176.0000    0.37560199    73.7103   0.00189531  -121.2072    0.00140464    19.7437    0.00051114   109.2919    0.00131130    0.00131130    0.00131130    0.00131130
09.08333302 480.00   SMTO   APEX  0.10   0.10  -2684477952.0000  3189402624.0000    0.37794994   -24.0973   0.02806565   172.1775    0.01206210    78.1865    0.01072952    68.4187    0.01311298    0.01311298    0.01311298    0.01311298
09.08333302 480.00   SMTO    LMT  0.10   0.10   -428718112.0000   433107072.0000    1.58436487    40.5766   0.00174404   174.1311    0.00189862  -111.7855    0.00252999    21.7372    0.00209211    0.00209211    0.00209211    0.00209211
09.08333302 480.00    SPT   ALMA  0.10   0.10    241664832.0000 -4784739840.0000    0.28424003   165.2567   0.00039768  -110.8649    0.00118247   173.3857    0.00115181    14.8447    0.00048083    0.00048083    0.00048083    0.00048083
09.08333302 480.00    SPT   APEX  0.10   0.10    242053936.0000 -4786715136.0000    0.29032132    69.8713   0.01044482     0.2690    0.00402103   158.2281    0.01132531   146.2051    0.00480826    0.00480826    0.00480826    0.00480826
09.08333302 480.00    SPT    LMT  0.10   0.10   2497813760.0000 -7543010816.0000    0.04395330   120.3281   0.00036540   102.7654    0.00077608   -52.3751    0.00157768    75.7313    0.00076713    0.00076713    0.00076713    0.00076713
09.08333302 480.00    SPT   SMTO  0.10   0.10   2926532096.0000 -7976117760.0000    0.04328292    79.7737   0.00555713    75.0298    0.00495163    98.2774    0.00882142   151.0953    0.00353631    0.00353631    0.00353631    0.00353631
09.43333340 480.00   APEX   ALMA  0.10   0.10      -315552.8125     1991177.7500    1.89842441  -110.0833   0.00231181   -85.1692    0.00369384   114.4982    0.00289473  -168.7424    0.00178295    0.00178295    0.00178295    0.00178295
09.43333340 480.00    LMT   ALMA  0.10   0.10  -2301852160.0000  2859834880.0000    0.37315615   143.3329   0.00011114     6.3321    0.00020217    58.0193    0.00022597   139.6807    0.00028446    0.00028446    0.00028446    0.00028446
09.43333340 480.00    LMT   APEX  0.10   0.10  -2301536512.0000  2857843712.0000    0.36734286  -107.1145   0.00448062    76.2041    0.00619955    -1.3418    0.00294798  -123.5731    0.00284461    0.00284461    0.00284461    0.00284461
09.43333340 480.00   SMTO   ALMA  0.10   0.10  -2820109312.0000  3314042880.0000    0.36446424   -14.2408   0.00099162   121.7611    0.00110467   104.3403    0.00194986   146.8954    0.00131130    0.00131130    0.00131130    0.00131130
09.43333340 480.00   SMTO   APEX  0.10   0.10  -2819793920.0000  3312051712.0000    0.37900423    94.0448   0.01711597    58.6070    0.01572145  -147.3322    0.00398059    -6.1059    0.01311298    0.01311298    0.01311298    0.01311298
09.43333340 480.00   SMTO    LMT  0.10   0.10   -518257280.0000   454208064.0000    1.54891026  -161.8428   0.00096395    98.5678    0.00128091   100.9682    0.00320889   -32.7882    0.00209211    0.00209211    0.00209211    0.00209211
09.43333340 480.00    SPT   ALMA  0.10   0.10   -172486448.0000 -4786280960.0000    0.26121420  -164.6330   0.00071832   123.6948    0.00133001    13.2653    0.00058061    64.3198    0.00048083    0.00048083    0.00048083    0.00048083
09.43333340 480.00    SPT   APEX  0.10   0.10   -172170896.0000 -4788272128.0000    0.26179207   -54.6456   0.00579937  -122.6529    0.00483498   106.1848    0.00459734   -80.6505    0.00480826    0.00480826    0.00480826    0.00480826
09.43333340 480.00    SPT    LMT  0.10   0.10   2129365632.0000 -7646115840.0000    0.05288442    41.8270   0.00014366     2.6174    0.00064975    -2.1861    0.00028492  -113.8309    0.00076713    0.00076713    0.00076713    0.00076713
09.43333340 480.00    SPT   SMTO  0.10   0.10   2647622912.0000 -8100324352.0000    0.04872230  -150.2851   0.00166120   -82.4652    0.00017516   151.6857    0.00858859  -161.8769    0.00353631    0.00353631    0.00353631    0.00353631
09.81666684 480.00   APEX   ALMA  0.10   0.10      -231972.0000     2004541.7500    1.90011994   161.6025   0.00301726    51.9681    0.00134041  -119.1514    0.00151647   -52.2103    0.00178295    0.00178295    0.00178295    0.00178295
09.81666684 480.00    LMT   ALMA  0.10   0.10  -2329617408.0000  2972880128.0000    0.38721537   108.9813   0.00009985     2.8958    0.00026169    11.6911    0.00024574    29.5092    0.00028446    0.00028446    0.00028446    0.00028446
09.81666684 480.00    LMT   APEX  0.10   0.10  -2329385472.0000  2970875648.0000    0.38827182   -52.7395   0.00426942   127.7539    0.00289845    71.9397    0.00092552  -116.7012    0.00284461    0.00284461    0.00284461    0.00284461
09.81666684 480.00   SMTO   ALMA  0.10   0.10  -2940898560.0000  3454658048.0000    0.35019716   116.7583   0.00179983   116.6229    0.00061161    62.2435    0.00260848   129.7097    0.00131130    0.00131130    0.00131130    0.00131130
09.81666684 480.00   SMTO   APEX  0.10   0.10  -2940666624.0000  3452653568.0000    0.34482924   -44.7098   0.01629299   118.5146    0.03336979   -79.0691    0.00988797  -176.1565    0.01311298    0.01311298    0.01311298    0.01311298
09.81666684 480.00   SMTO    LMT  0.10   0.10   -611281024.0000   481777952.0000    1.50353970     1.6518   0.00259392  -103.0558    0.00050423   116.7201    0.00189283   -23.7855    0.00209211    0.00209211    0.00209211    0.00209211
09.81666684 480.00    SPT   ALMA  0.10   0.10   -624284032.0000 -4766833664.0000    0.24044826   165.5024   0.00131597   110.5778    0.00062416   -91.4321    0.00019402    85.0852    0.00048083    0.00048083    0.00048083    0.00048083
09.81666684 480.00    SPT   APEX  0.10   0.10   -624052096.0000 -4768838144.0000    0.24225790     2.4361   0.00633232    67.8614    0.00344439    63.9440    0.00711397  -177.9725    0.00480826    0.00480826    0.00480826    0.00480826
09.81666684 480.00    SPT    LMT  0.10   0.10   1705333376.0000 -7739713536.0000    0.05984860    51.9586   0.00057794   -97.0102    0.00124271  -142.6551    0.00124788   -77.7543    0.00076713    0.00076713    0.00076713    0.00076713
09.81666684 480.00    SPT   SMTO  0.10   0.10   2316614400.0000 -8221491712.0000    0.04731385    53.3640   0.00344908   146.4185    0.00203146    90.6853    0.00198859   137.8287    0.00353631    0.00353631    0.00353631    0.00353631
09.99999976 480.00   APEX   ALMA  0.10   0.10      -191115.8750     2009477.5000    1.89903357    31.3302   0.00043972    15.6693    0.00256745    84.0901    0.00221069  -147.3801    0.00178295    0.00178295    0.00178295    0.00178295
09.99999976 480.00    LMT   ALMA  0.10   0.10  -2334572288.0000  3027291904.0000    0.39481912   -48.5348   0.00008190  -108.6944    0.00033351  -169.4849    0.00023039   162.1358    0.00028446    0.00028446    0.00028446    0.00028446
09.99999976 480.00    LMT   APEX  0.10   0.10  -2334381312.0000  3025282304.0000    0.39322117   -79.8954   0.00283118   -32.7606    0.00410231   -11.4289    0.00327075   131.5995    0.00284461    0.00284461    0.00284461    0.00284461
09.99999976 480.00   SMTO   ALMA  0.10   0.10  -2988212224.0000  3523826176.0000    0.34748471    74.2493   0.00075536   129.4061    0.00132664   -35.4378    0.00060321   156.1920    0.00131130    0.00131130    0.00131130    0.00131130
09.99999976 480.00   SMTO   APEX  0.10   0.10  -2988020992.0000  3521816576.0000    0.34073949    43.1054   0.00474313  -175.5124    0.01502973   -47.0165    0.02086309  -174.7696    0.01311298    0.01311298    0.01311298    0.01311298
09.99999976 480.00   SMTO    LMT  0.10   0.10   -653639808.0000   496534304.0000    1.48013473   116.5905   0.00364149  -131.4546    0.00370008   166.5898    0.00189074    92.1056    0.00209211    0.00209211    0.00209211    0.00209211
09.99999976 480.00    SPT   ALMA  0.10   0.10   -838407424.0000 -4749770240.0000    0.23245178    96.7622   0.00069048    20.8640    0.00084568   -81.1836    0.00031000   -17.3722    0.00048083    0.00048083    0.00048083    0.00048083
09.99999976 480.00    SPT   APEX  0.10   0.10   -838216320.0000 -4751779328.0000    0.23410571    68.6044   0.00344667  -166.8315    0.00397077   111.2225    0.00761995  -155.0433    0.00480826    0.00480826    0.00480826    0.00480826
09.99999976 480.00    SPT    LMT  0.10   0.10   1496164992.0000 -7777061888.0000    0.06281793   140.5206   0.00171513    19.0364    0.00221890  -119.4983    0.00118998   177.9902    0.00076713    0.00076713    0.00076713    0.00076713
09.99999976 480.00    SPT   SMTO  0.10   0.10   2149804800.0000 -8273596416.0000    0.05793522    25.9754   0.00408045   -52.4137    0.00235617   -13.4026    0.00291372  -111.1470    0.00353631    0.00353631    0.00353631    0.00353631
10.31666636 480.00   APEX   ALMA  0.10   0.10      -119558.3125     2015740.0000    1.89295232   -25.2989   0.00169213   -16.8162    0.00179057  -152.8574    0.00051770    -8.2379    0.00178295    0.00178295    0.00178295    0.00178295
10.31666636 480.00    LMT   ALMA  0.10   0.10  -2330396672.0000  3121327360.0000    0.40515720    -5.4246   0.00058194   -17.8725    0.00043432    12.2305    0.00027196  -172.0611    0.00028446    0.00028446    0.00028446    0.00028446
10.31666636 480.00    LMT   APEX  0.10   0.10  -2330277120.0000  3119311616.0000    0.40153500    19.8114   0.00393324   163.8678    0.00478287    25.1044    0.00252492  -111.2296    0.00284461    0.00284461    0.00284461    0.00284461
10.31666636 480.00   SMTO   ALMA  0.10   0.10  -3053582080.0000  3645615360.0000    0.34040802   164.9541   0.00018013    25.6883    0.00217729    63.7657    0.00310727  -127.1613    0.00131130    0.00131130    0.00131130    0.00131130
10.31666636 480.00   SMTO   APEX  0.10   0.10  -3053462528.0000  3643599616.0000    0.34216278  -169.1874   0.00610720  -100.0617    0.01887044   122.0688    0.00083588   108.1513    0.01311298    0.01311298    0.01311298    0.01311298
10.31666636 480.00   SMTO    LMT  0.10   0.10   -723185472.0000   524288064.0000    1.43272684   163.3890   0.00254268   -44.0912    0.00144534   -43.4705    0.00183550  -112.8355    0.00209211    0.00209211    0.00209211    0.00209211
10.31666636 480.00    SPT   ALMA  0.10   0.10  -1203402880.0000 -4708611584.0000    0.21840529   139.9279   0.00058769   -13.9776    0.00055472   -26.7479    0.00046822     1.6185    0.00048083    0.00048083    0.00048083    0.00048083
10.31666636 480.00    SPT   APEX  0.10   0.10  -1203283328.0000 -4710627328.0000    0.21796388   163.7620   0.00856314    94.8233    0.00518282    62.5180    0.01014506   -23.8647    0.00480826    0.00480826    0.00480826    0.00480826
10.31666636 480.00    SPT    LMT  0.10   0.10   1126993792.0000 -7829939200.0000    0.06726360   140.1978   0.00100010    52.3967    0.00070889   -64.8817    0.00013530    52.4636    0.00076713    0.00076713    0.00076713    0.00076713
10.31666636 480.00    SPT   SMTO  0.10   0.10   1850179328.0000 -8354227200.0000    0.05671792   -24.1208   0.00716635   -94.3502    0.00217694  -120.8569    0.00138365  -172.6651    0.00353631    0.00353631    0.00353631    0.00353631
10.50000000 480.00   APEX   ALMA  0.10   0.10       -77720.8516     2018041.3750    1.89890538   -97.8552   0.00089636   -30.7181    0.00010956    39.8663    0.00234611     2.8440    0.00178295    0.00178295    0.00178295    0.00178295
10.50000000 480.00    LMT   ALMA  0.10   0.10  -2320616192.0000  3175585280.0000    0.41213932   -21.5215   0.00024760    32.7098    0.00026615  -170.4239    0.00069379    10.2932    0.00028446    0.00028446    0.00028446    0.00028446
10.50000000 480.00    LMT   APEX  0.10   0.10  -2320538368.0000  3173567232.0000    0.41131059    76.1098   0.00469376   136.1388    0.00386494    22.8880    0.00453366   -30.4786    0.00284461    0.00284461    0.00284461    0.00284461
10.50000000 480.00   SMTO   ALMA  0.10   0.10  -3081811456.0000  3717189888.0000    0.33318638   -20.6571   0.00297689  -179.2194    0.00222553  -160.0149    0.00126680     8.6132    0.00131130    0.00131130    0.00131130    0.00131130
10.50000000 480.00   SMTO   APEX  0.10   0.10  -3081733632.0000  3715171840.0000    0.34367853    81.3408   0.01814270  -131.3681    0.02551305   150.4216    0.02186043   169.5490    0.01311298    0.01311298    0.01311298    0.01311298
10.50000000 480.00   SMTO    LMT  0.10   0.10   -761195264.0000   541604608.0000    1.39914374    -5.8418   0.00347612  -133.7022    0.00440080    67.9343    0.00280315   145.0810    0.00209211    0.00209211    0.00209211    0.00209211
10.50000000 480.00    SPT   ALMA  0.10   0.10  -1411076608.0000 -4678111744.0000    0.21162764    34.4620   0.00081807    67.6451    0.00017529   -29.5965    0.00083219   -39.2911    0.00048083    0.00048083    0.00048083    0.00048083
10.50000000 480.00    SPT   APEX  0.10   0.10  -1410998912.0000 -4680129536.0000    0.21573915   131.6161   0.00305514  -143.6242    0.00613624    98.9073    0.01079786   -16.8112    0.00480826    0.00480826    0.00480826    0.00480826
10.50000000 480.00    SPT    LMT  0.10   0.10    909539456.0000 -7853697024.0000    0.06801126    51.8229   0.00141211   -27.1290    0.00136506  -170.9412    0.00096462   173.3113    0.00076713    0.00076713    0.00076713    0.00076713
10.50000000 480.00    SPT   SMTO  0.10   0.10   1670734720.0000 -8395301376.0000    0.05970613    59.6999   0.00456581  -132.7345    0.00577590  -119.3919    0.00402907  -108.3161    0.00353631    0.00353631    0.00353631    0.00353631
10.79999971 480.00   APEX   ALMA  0.10   0.10        -8915.8145     2019695.7500    1.89443691    90.2039   0.00307995   105.9986    0.00217588   151.1276    0.00372460   -94.7475    0.00178295    0.00178295    0.00178295    0.00178295
10.79999971 480.00   JCMT   ALMA  0.10   0.10  -5919100928.0000  2037835776.0000    0.05848010   -99.8147   0.00126160    -1.2751    0.00194580   -12.7763    0.00102121    54.8220    0.00082409    0.00082409    0.00082409    0.00082409
10.79999971 480.00   JCMT   APEX  0.10   0.10  -5919092224.0000  2035816192.0000    0.03508768   156.9520   0.00324001    96.2949    0.01276971  -142.8217    0.01416211   157.4944    0.00824094    0.00824094    0.00824094    0.00824094
10.79999971 480.00    LMT   ALMA  0.10   0.10  -2293034752.0000  3263686400.0000    0.42286037    -9.1387   0.00015117    72.1663    0.00033095   -95.4557    0.00004830   144.9935    0.00028446    0.00028446    0.00028446    0.00028446
10.79999971 480.00    LMT   APEX  0.10   0.10  -2293025792.0000  3261666560.0000    0.42475374   -99.4678   0.00310828   -52.5272    0.00683489   121.0003    0.00078311   153.3528    0.00284461    0.00284461    0.00284461    0.00284461
10.79999971 480.00    LMT   JCMT  0.10   0.10   3626066176.0000  1225850496.0000    0.10347551   115.1830   0.00038665   126.1995    0.00070651   176.3690    0.00164737    26.8301    0.00131480    0.00131480    0.00131480    0.00131480
10.79999971 480.00   SMTO   ALMA  0.10   0.10  -3112586752.0000  3835476480.0000    0.32797203   -44.7791   0.00114720    92.0866    0.00220395   145.5189    0.00230373    -9.8195    0.00131130    0.00131130    0.00131130    0.00131130
10.79999971 480.00   SMTO   APEX  0.10   0.10  -3112578048.0000  3833456640.0000    0.31185953  -134.2123   0.02051876   -57.0727    0.00160837    80.1363    0.00440468    93.5967    0.01311298    0.01311298    0.01311298    0.01311298
10.79999971 480.00   SMTO   JCMT  0.10   0.10   2806514176.0000  1797640576.0000    0.18476839    30.6046   0.00412691   -52.7943    0.00780687  -156.4149    0.01208092   145.7072    0.00606093    0.00606093    0.00606093    0.00606093
10.79999971 480.00   SMTO    LMT  0.10   0.10   -819552000.0000   571790144.0000    1.36288580   -42.7510   0.00278248   -65.3112    0.00059284  -132.6322    0.00110013  -110.5602    0.00209211    0.00209211    0.00209211    0.00209211
10.79999971 480.00    SPT   ALMA  0.10   0.10  -1743640704.0000 -4617869824.0000    0.19978525    43.3657   0.00047376    80.2268    0.00051263  -108.4667    0.00044647    30.0791    0.00048083    0.00048083    0.00048083    0.00048083
10.79999971 480.00    SPT   APEX  0.10   0.10  -1743631744.0000 -4619889664.0000    0.20430857   -48.8114   0.00823980    78.4866    0.00901646  -125.5734    0.00408535   -17.9615    0.00480826    0.00480826    0.00480826    0.00480826
10.79999971 480.00    SPT   JCMT  0.10   0.10   4175460352.0000 -6655705600.0000    0.04824025   149.9757   0.00105829   -23.5098    0.00022462   -27.5412    0.00172848  -131.5489    0.00222242    0.00222242    0.00222242    0.00222242
10.79999971 480.00    SPT    LMT  0.10   0.10    549394112.0000 -7881556480.0000    0.07158283    47.1893   0.00054737    17.9172    0.00113245   129.6091    0.00067787    -0.3470    0.00076713    0.00076713    0.00076713    0.00076713
10.79999971 480.00    SPT   SMTO  0.10   0.10   1368946176.0000 -8453346304.0000    0.05669084    92.7211   0.00326609    42.3353    0.00656302    74.7636    0.00736625  -124.1792    0.00353631    0.00353631    0.00353631    0.00353631
10.98333335 480.00   APEX   ALMA  0.10   0.10        33186.1797     2019412.6250    1.89593815  -138.7910   0.00062634   -26.8974    0.00318558  -163.8444    0.00065586   174.5609    0.00178295    0.00178295    0.00178295    0.00178295
10.98333335 480.00   JCMT   ALMA  0.10   0.10  -6018525184.0000  2177098240.0000    0.05699110    56.3548   0.00095721  -119.2599    0.00057526     6.2170    0.00110950  -149.6839    0.00082409    0.00082409    0.00082409    0.00082409
10.98333335 480.00   JCMT   APEX  0.10   0.10  -6018557952.0000  2175078656.0000    0.05793170  -171.5071   0.00963124   112.3046    0.01421224   -57.7535    0.00489362   -94.3205    0.00824094    0.00824094    0.00824094    0.00824094
10.98333335 480.00    LMT   ALMA  0.10   0.10  -2269167360.0000  3316908288.0000    0.42897863   148.5792   0.00066622    62.4084    0.00015988    16.8112    0.00048978    73.3094    0.00028446    0.00028446    0.00028446    0.00028446
10.98333335 480.00    LMT   APEX  0.10   0.10  -2269200384.0000  3314888704.0000    0.42760457   -72.1426   0.00192967   -74.0360    0.00190753   -54.0036    0.00554817   166.8620    0.00284461    0.00284461    0.00284461    0.00284461
10.98333335 480.00    LMT   JCMT  0.10   0.10   3749357568.0000  1139810048.0000    0.10558009   131.0112   0.00201966  -149.3362    0.00068367   -68.4785    0.00164719   -56.3937    0.00131480    0.00131480    0.00131480    0.00131480
10.98333335 480.00   SMTO   ALMA  0.10   0.10  -3121902592.0000  3908206848.0000    0.32498579   -34.1908   0.00308058   135.8902    0.00239511   -21.7733    0.00116383   -78.4777    0.00131130    0.00131130    0.00131130    0.00131130
10.98333335 480.00   SMTO   APEX  0.10   0.10  -3121935616.0000  3906187520.0000    0.32015810   106.5323   0.01378825    34.6498    0.00804585   -38.4362    0.00593518   175.5537    0.01311298    0.01311298    0.01311298    0.01311298
10.98333335 480.00   SMTO   JCMT  0.10   0.10   2896622336.0000  1731108736.0000    0.15205704  -103.0168   0.00131254   -16.1348    0.00441098   167.3766    0.00452337   -10.6853    0.00606093    0.00606093    0.00606093    0.00606093
10.98333335 480.00   SMTO    LMT  0.10   0.10   -852735232.0000   591298752.0000    1.32167427   171.2033   0.00431169    44.0681    0.00325031   134.0072    0.00063873   -35.6304    0.00209211    0.00209211    0.00209211    0.00209211
10.98333335 480.00    SPT   ALMA  0.10   0.10  -1941682048.0000 -4574877696.0000    0.19250389  -164.6894   0.00042873    28.5201    0.00062327   -65.0221    0.00076828   -53.2794    0.00048083    0.00048083    0.00048083    0.00048083
10.98333335 480.00    SPT   APEX  0.10   0.10  -1941715328.0000 -4576897024.0000    0.19386625   -24.2588   0.00482325   109.7645    0.00198571  -179.6960    0.00721758    76.0848    0.00480826    0.00480826    0.00480826    0.00480826
10.98333335 480.00    SPT   JCMT  0.10   0.10   4076842752.0000 -6751975936.0000    0.04608394   160.0349   0.00097189   -30.7966    0.00191262    66.8821    0.00414639    65.3305    0.00222242    0.00222242    0.00222242    0.00222242
10.98333335 480.00    SPT    LMT  0.10   0.10    327485184.0000 -7891785728.0000    0.07061918    39.1271   0.00089448   -13.1456    0.00097903   -71.3317    0.00026777   -67.0801    0.00076713    0.00076713    0.00076713    0.00076713
10.98333335 480.00    SPT   SMTO  0.10   0.10   1180220416.0000 -8483084288.0000    0.05717766  -122.3198   0.00897267  -149.4800    0.00053325   150.2006    0.00638914     5.4818    0.00353631    0.00353631    0.00353631    0.00353631
11.34999990 480.00   APEX   ALMA  0.10   0.10       117062.2812     2015905.1250    1.89791959    71.9160   0.00364964  -150.2788    0.00368033    57.9485    0.00274352   129.3448    0.00178295    0.00178295    0.00178295    0.00178295
11.34999990 480.00   JCMT   ALMA  0.10   0.10  -6175361024.0000  2461766656.0000    0.05618935   -31.2816   0.00064377   111.2769    0.00016358   -67.5560    0.00091063    72.3913    0.00082409    0.00082409    0.00082409    0.00082409
11.34999990 480.00   JCMT   APEX  0.10   0.10  -6175477760.0000  2459750912.0000    0.06346932   -98.8409   0.00881200  -114.1138    0.00627204    13.9800    0.01255591    85.0370    0.00824094    0.00824094    0.00824094    0.00824094
11.34999990 480.00    LMT   ALMA  0.10   0.10  -2205734400.0000  3421375488.0000    0.44311378  -166.5430   0.00015893    68.1824    0.00021871  -165.4336    0.00046492   176.2097    0.00028446    0.00028446    0.00028446    0.00028446
11.34999990 480.00    LMT   APEX  0.10   0.10  -2205851648.0000  3419359744.0000    0.44859246   121.2948   0.00261385  -151.8583    0.00255266    47.4744    0.00262177  -164.5351    0.00284461    0.00284461    0.00284461    0.00284461
11.34999990 480.00    LMT   JCMT  0.10   0.10   3969626368.0000   959608832.0000    0.10912565   -71.2159   0.00137735    41.3262    0.00189460  -104.7876    0.00223458   -38.8218    0.00131480    0.00131480    0.00131480    0.00131480
11.34999990 480.00   SMAP   ALMA  0.10   0.10  -6175347200.0000  2461834240.0000    0.05779687    58.0721   0.00135562    96.0769    0.00142529   -24.8442    0.00140277    18.0005    0.00084145    0.00084145    0.00084145    0.00084145
11.34999990 480.00   SMAP   APEX  0.10   0.10  -6175464448.0000  2459818496.0000    0.06790992    -7.4187   0.00462498  -151.8600    0.01437780   152.0394    0.01352948  -149.4195    0.00841446    0.00841446    0.00841446    0.00841446
11.34999990 480.00   SMAP   JCMT  0.10   0.10        13561.3047       67541.6562    1.89793527    88.6731   0.00542073   144.9130    0.00576021  -171.1910    0.00557579  -139.8618    0.00388923    0.00388923    0.00388923    0.00388923
11.34999990 480.00   SMAP    LMT  0.10   0.10  -3969612800.0000  -959541312.0000    0.10746957   158.9876   0.00149630   124.5362    0.00212416  -162.4932    0.00118904   148.5115    0.00134248    0.00134248    0.00134248    0.00134248
11.34999990 480.00   SMTO   ALMA  0.10   0.10  -3118839552.0000  4053898240.0000    0.31875631    40.3135   0.00299361   -27.7827    0.00334656  -128.5338    0.00287936    80.1593    0.00131130    0.00131130    0.00131130    0.00131130
11.34999990 480.00   SMTO   APEX  0.10   0.10  -3118956544.0000  4051882240.0000    0.33696866   -31.0173   0.03106465  -132.7124    0.00686483   147.4838    0.00606524  -168.7160    0.01311298    0.01311298    0.01311298    0.01311298
11.34999990 480.00   SMTO   JCMT  0.10   0.10   3056521472.0000  1592131456.0000    0.12893827    82.0784   0.00575816   -52.1767    0.00941564   -81.1835    0.00749825   107.0911    0.00606093    0.00606093    0.00606093    0.00606093
11.34999990 480.00   SMTO    LMT  0.10   0.10   -913104960.0000   632522624.0000    1.26768904  -159.6226   0.00140988  -118.2468    0.00230562   -94.3133    0.00133278   172.7380    0.00209211    0.00209211    0.00209211    0.00209211
11.34999990 480.00   SMTO   SMAP  0.10   0.10   3056507904.0000  1592063872.0000    0.13301364    -8.9645   0.00936106  -155.5323    0.00469478    44.6510    0.01350147  -119.0411    0.00618854    0.00618854    0.00618854    0.00618854
11.34999990 480.00    SPT   ALMA  0.10   0.10  -2323826688.0000 -4475298304.0000    0.17608323    72.5443   0.00087829  -145.2726    0.00098006    10.0993    0.00054464   -96.7099    0.00048083    0.00048083    0.00048083    0.00048083
11.34999990 480.00    SPT   APEX  0.10   0.10  -2323943680.0000 -4477314560.0000    0.18035205     0.9453   0.00458168   -29.8339    0.00370230   124.9927    0.00610815   174.5123    0.00480826    0.00480826    0.00480826    0.00480826
11.34999990 480.00    SPT   JCMT  0.10   0.10   3851534080.0000 -6937065472.0000    0.04184216   137.9534   0.00183939   167.1171    0.00348564   -76.9797    0.00107066   -60.1710    0.00222242    0.00222242    0.00222242    0.00222242
11.34999990 480.00    SPT    LMT  0.10   0.10   -118092264.0000 -7896674304.0000    0.07025315  -129.6807   0.00155135     5.5549    0.00071148    66.6936    0.00111799    82.3517    0.00076713    0.00076713    0.00076713    0.00076713
11.34999990 480.00    SPT   SMAP  0.10   0.10   3851520512.0000 -6937132544.0000    0.03773352    51.7965   0.00124786  -120.4088    0.00401281   -85.7708    0.00304902  -133.9242    0.00226921    0.00226921    0.00226921    0.00226921
11.34999990 480.00    SPT   SMTO  0.10   0.10    795012736.0000 -8529196544.0000    0.06091898    29.9965   0.00719308    13.4584    0.00722218   -40.4752    0.00329896   -23.4967    0.00353631    0.00353631    0.00353631    0.00353631
11.53333354 480.00   APEX   ALMA  0.10   0.10       158642.1406     2012688.7500    1.89716726   -63.5124   0.00426310   132.4045    0.00293330   172.5827    0.00072208    23.0592    0.00178295    0.00178295    0.00178295    0.00178295
11.53333354 480.00   JCMT   ALMA  0.10   0.10  -6232409600.0000  2606513664.0000    0.05750702   -13.0679   0.00089983  -140.0781    0.00009583     1.1373    0.00031859   -28.0074    0.00082409    0.00082409    0.00082409    0.00082409
11.53333354 480.00   JCMT   APEX  0.10   0.10  -6232568320.0000  2604500992.0000    0.06017071    44.8362   0.00533582    24.4562    0.00357669   142.3693    0.00335117    -1.4177    0.00824094    0.00824094    0.00824094    0.00824094
11.53333354 480.00    LMT   ALMA  0.10   0.10  -2166316032.0000  3472379136.0000    0.44987209    93.3248   0.00054683   -86.2686    0.00009180    69.1290    0.00059872   120.1126    0.00028446    0.00028446    0.00028446    0.00028446
11.53333354 480.00    LMT   APEX  0.10   0.10  -2166474752.0000  3470366464.0000    0.44792556   156.1935   0.00168960    93.8016    0.00494388  -119.8077    0.00282623   135.5691    0.00284461    0.00284461    0.00284461    0.00284461
11.53333354 480.00    LMT   JCMT  0.10   0.10   4066093568.0000   865865472.0000    0.10904439   178.8819   0.00119832   177.8411    0.00163210   -87.7103    0.00266509   -65.3378    0.00131480    0.00131480    0.00131480    0.00131480
11.53333354 480.00   SMAP   ALMA  0.10   0.10  -6232398848.0000  2606580992.0000    0.05823567   -71.6231   0.00025591     7.9667    0.00201636    36.0652    0.00163621   -23.6741    0.00084145    0.00084145    0.00084145    0.00084145
11.53333354 480.00   SMAP   APEX  0.10   0.10  -6232557568.0000  2604568320.0000    0.06842291   -11.5701   0.02703465    47.4158    0.00598189   129.0379    0.00429171   172.2343    0.00841446    0.00841446    0.00841446    0.00841446
11.53333354 480.00   SMAP   JCMT  0.10   0.10        10711.8223       67258.4922    1.89541722   -60.8314   0.01344889    51.5118    0.00106924   -58.9866    0.00182711   -80.2494    0.00388923    0.00388923    0.00388923    0.00388923
11.53333354 480.00   SMAP    LMT  0.10   0.10  -4066082816.0000  -865798208.0000    0.10901277   121.3155   0.00381653   -79.6680    0.00298209     3.5177    0.00162526   -58.6557    0.00134248    0.00134248    0.00134248    0.00134248
11.53333354 480.00   SMTO   ALMA  0.10   0.10  -3106467840.0000  4126521600.0000    0.31574967    84.6603   0.00333650   -92.1310    0.00076076    10.5620    0.00221169  -179.3507    0.00131130    0.00131130    0.00131130    0.00131130
11.53333354 480.00   SMTO   APEX  0.10   0.10  -3106626304.0000  4124508928.0000    0.32241683   149.1606   0.00896227    27.7252    0.01675310     0.9466    0.02369979    41.7538    0.01311298    0.01311298    0.01311298    0.01311298
11.53333354 480.00   SMTO   JCMT  0.10   0.10   3125941760.0000  1520007936.0000    0.12560015   117.2736   0.00190622   163.2949    0.00448286    84.5433    0.00500506   171.2241    0.00606093    0.00606093    0.00606093    0.00606093
11.53333354 480.00   SMTO    LMT  0.10   0.10   -940151680.0000   654142400.0000    1.23647011   -14.3887   0.00418040    -8.2142    0.00326996    44.8913    0.00035359   -19.2367    0.00209211    0.00209211    0.00209211    0.00209211
11.53333354 480.00   SMTO   SMAP  0.10   0.10   3125931008.0000  1519940608.0000    0.13001948  -178.9434   0.00875809   165.8988    0.00545568   -44.5626    0.00148673    91.0820    0.00618854    0.00618854    0.00618854    0.00618854
11.53333354 480.00    SPT   ALMA  0.10   0.10  -2507044864.0000 -4418942464.0000    0.16784392   -34.1159   0.00062293   -11.1424    0.00030622   117.3048    0.00098556  -107.4804    0.00048083    0.00048083    0.00048083    0.00048083
11.53333354 480.00    SPT   APEX  0.10   0.10  -2507203584.0000 -4420955136.0000    0.17404161    29.7576   0.00422439  -137.6772    0.00396883    54.1462    0.00929403    94.3964    0.00480826    0.00480826    0.00480826    0.00480826
11.53333354 480.00    SPT   JCMT  0.10   0.10   3725364736.0000 -7025456128.0000    0.04049521    23.4275   0.00459888    23.7209    0.00068276  -163.0497    0.00240020     3.7917    0.00222242    0.00222242    0.00222242    0.00222242
11.53333354 480.00    SPT    LMT  0.10   0.10   -340728864.0000 -7891321344.0000    0.06707339  -137.3171   0.00136991    15.6613    0.00040063   136.8312    0.00098507   -13.5164    0.00076713    0.00076713    0.00076713    0.00076713
11.53333354 480.00    SPT   SMAP  0.10   0.10   3725353984.0000 -7025523200.0000    0.03576678    85.8312   0.00120329  -137.6208    0.00352657    -5.0332    0.00251858   144.0504    0.00226921    0.00226921    0.00226921    0.00226921
11.53333354 480.00    SPT   SMTO  0.10   0.10    599422784.0000 -8545463808.0000    0.05730783  -123.5705   0.00367129   127.3622    0.00339040   -54.1074    0.00756557    -1.4747    0.00353631    0.00353631    0.00353631    0.00353631
11.85000014 480.00   APEX   ALMA  0.10   0.10       229542.0156     2004863.8750    1.89688860   -21.3173   0.00210572    34.0785    0.00288829    54.1423    0.00374660   -67.9733    0.00178295    0.00178295    0.00178295    0.00178295
11.85000014 480.00   JCMT   ALMA  0.10   0.10  -6296894464.0000  2859076864.0000    0.06080409   102.4116   0.00159380   -68.2791    0.00140529  -109.8374    0.00125771  -131.1574    0.00082409    0.00082409    0.00082409    0.00082409
11.85000014 480.00   JCMT   APEX  0.10   0.10  -6297124352.0000  2857072128.0000    0.06787426   143.9872   0.00771237   127.2348    0.00789472   -56.4537    0.01086079    -0.5541    0.00824094    0.00824094    0.00824094    0.00824094
11.85000014 480.00    LMT   ALMA  0.10   0.10  -2086471552.0000  3558106112.0000    0.46079427   162.7395   0.00018471  -162.2476    0.00036488  -155.0995    0.00013859   107.7414    0.00028446    0.00028446    0.00028446    0.00028446
11.85000014 480.00    LMT   APEX  0.10   0.10  -2086701056.0000  3556101120.0000    0.46079352  -176.3818   0.00399476   131.6771    0.00405902    97.1990    0.00095895   -47.2226    0.00284461    0.00284461    0.00284461    0.00284461
11.85000014 480.00    LMT   JCMT  0.10   0.10   4210423296.0000   699029184.0000    0.10688215   152.8662   0.00162930   131.2131    0.00069361   139.1300    0.00354958   -58.5178    0.00131480    0.00131480    0.00131480    0.00131480
11.85000014 480.00   SMAP   ALMA  0.10   0.10  -6296888832.0000  2859143680.0000    0.06093501    18.6358   0.00103536  -165.7399    0.00053926  -143.9621    0.00124653    -8.4763    0.00084145    0.00084145    0.00084145    0.00084145
11.85000014 480.00   SMAP   APEX  0.10   0.10  -6297118720.0000  2857138944.0000    0.05860080    52.0894   0.00786163   112.2535    0.01506777    84.1359    0.01404413  -112.8284    0.00841446    0.00841446    0.00841446    0.00841446
11.85000014 480.00   SMAP   JCMT  0.10   0.10         5735.3594       66926.9531    1.89678647   -83.3225   0.00102672   143.9056    0.00332577   109.7369    0.00257928   178.7473    0.00388923    0.00388923    0.00388923    0.00388923
11.85000014 480.00   SMAP    LMT  0.10   0.10  -4210417408.0000  -698962240.0000    0.10958088   123.8387   0.00103895   138.2595    0.00066040   -53.0111    0.00188284  -158.2023    0.00134248    0.00134248    0.00134248    0.00134248
11.85000014 480.00   SMTO   ALMA  0.10   0.10  -3068178944.0000  4250988800.0000    0.31365414  -179.0649   0.00079926     0.2222    0.00427121  -176.1349    0.00138026  -165.3343    0.00131130    0.00131130    0.00131130    0.00131130
11.85000014 480.00   SMTO   APEX  0.10   0.10  -3068408576.0000  4248984064.0000    0.31567466  -155.9295   0.03725858  -170.9480    0.02068085   118.9689    0.02132332    24.1008    0.01311298    0.01311298    0.01311298    0.01311298
11.85000014 480.00   SMTO   JCMT  0.10   0.10   3228715776.0000  1391911936.0000    0.11042346   124.1616   0.00796556    -2.0645    0.00602826   -64.1265    0.00905737  -137.4698    0.00606093    0.00606093    0.00606093    0.00606093
11.85000014 480.00   SMTO    LMT  0.10   0.10   -981707392.0000   692882816.0000    1.18178762    13.0466   0.00259568   -74.6151    0.00405562  -147.9138    0.00268342   -90.9749    0.00209211    0.00209211    0.00209211    0.00209211
11.85000014 480.00   SMTO   SMAP  0.10   0.10   3228710144.0000  1391845120.0000    0.11715216  -154.1510   0.00908855   -32.6646    0.00134803    75.1793    0.01042170  -175.2102    0.00618854    0.00618854    0.00618854    0.00618854
11.85000014 480.00    SPT   ALMA  0.10   0.10  -2809602560.0000 -4311770624.0000    0.15473055   -67.9633   0.00048070   -40.4933    0.00076632  -108.1167    0.00070677    22.4255    0.00048083    0.00048083    0.00048083    0.00048083
11.85000014 480.00    SPT   APEX  0.10   0.10  -2809831936.0000 -4313775104.0000    0.14617975   -48.4585   0.00271914   -30.9869    0.00235756  -135.0071    0.00351437   -73.3777    0.00480826    0.00480826    0.00480826    0.00480826
11.85000014 480.00    SPT   JCMT  0.10   0.10   3487292160.0000 -7170847232.0000    0.03782706   -91.4079   0.00463104  -112.7948    0.00412545  -100.3104    0.00235483    82.0427    0.00222242    0.00222242    0.00222242    0.00222242
11.85000014 480.00    SPT    LMT  0.10   0.10   -723131008.0000 -7869876224.0000    0.06280796   118.5065   0.00076808   138.9820    0.00115006   -88.9867    0.00094060    76.2455    0.00076713    0.00076713    0.00076713    0.00076713
11.85000014 480.00    SPT   SMAP  0.10   0.10   3487286528.0000 -7170914304.0000    0.03834388    -9.5871   0.00059363   122.7189    0.00348115  -112.5013    0.00226328     0.4666    0.00226921    0.00226921    0.00226921    0.00226921
11.85000014 480.00    SPT   SMTO  0.10   0.10    258576416.0000 -8562759168.0000    0.06218837    98.2674   0.00386283  -173.8822    0.00116825     3.4621    0.00265410   139.8680    0.00353631    0.00353631    0.00353631    0.00353631
12.03333378 480.00   APEX   ALMA  0.10   0.10       269895.7187     1999037.5000    1.89690969    54.1582   0.00270589   -60.6863    0.00293628   146.1401    0.00316605   -36.6753    0.00178295    0.00178295    0.00178295    0.00178295
12.03333378 480.00   JCMT   ALMA  0.10   0.10  -6314366464.0000  3006197760.0000    0.06168071   -55.1756   0.00047779    72.1830    0.00079960   162.4136    0.00132907    63.9736    0.00082409    0.00082409    0.00082409    0.00082409
12.03333378 480.00   JCMT   APEX  0.10   0.10  -6314636288.0000  3004198656.0000    0.06288485  -118.4803   0.00558186    39.3084    0.02079772   -89.2116    0.00945925   138.2036    0.00824094    0.00824094    0.00824094    0.00824094
12.03333378 480.00    LMT   ALMA  0.10   0.10  -2033619712.0000  3606170368.0000    0.46654132    55.8268   0.00025653    67.5507    0.00040831  -143.2773    0.00046287   -67.4365    0.00028446    0.00028446    0.00028446    0.00028446
12.03333378 480.00    LMT   APEX  0.10   0.10  -2033889536.0000  3604171264.0000    0.46441560     2.5610   0.00111072   -63.5730    0.00378379    52.3869    0.00232682   -82.4581    0.00284461    0.00284461    0.00284461    0.00284461
12.03333378 480.00    LMT   JCMT  0.10   0.10   4280746752.0000   599972608.0000    0.10512187  -148.4857   0.00151827    48.0745    0.00091528  -140.7450    0.00057706   131.6980    0.00131480    0.00131480    0.00131480    0.00131480
12.03333378 480.00   SMAP   ALMA  0.10   0.10  -6314363904.0000  3006264576.0000    0.06257463   -35.0977   0.00080253  -141.9173    0.00090633   -25.4412    0.00112180    31.7549    0.00084145    0.00084145    0.00084145    0.00084145
12.03333378 480.00   SMAP   APEX  0.10   0.10  -6314633728.0000  3004265472.0000    0.04825207   -92.3107   0.01011942    44.5437    0.01499257  -129.2504    0.01468382   -91.9754    0.00841446    0.00841446    0.00841446    0.00841446
12.03333378 480.00   SMAP   JCMT  0.10   0.10         2833.9246       66826.9844    1.90152419    19.7998   0.00642667   -21.2651    0.00335143  -140.8256    0.00464008   -58.6589    0.00388923    0.00388923    0.00388923    0.00388923
12.03333378 480.00   SMAP    LMT  0.10   0.10  -4280743936.0000  -599905792.0000    0.10455442   168.9699   0.00156773   -37.9830    0.00208679  -141.3208    0.00132896   129.7961    0.00134248    0.00134248    0.00134248    0.00134248
12.03333378 480.00   SMTO   ALMA  0.10   0.10  -3036303104.0000  4322202624.0000    0.31046679   -76.7276   0.00412575   149.9989    0.00031483   -96.1230    0.00223244   177.1849    0.00131130    0.00131130    0.00131130    0.00131130
12.03333378 480.00   SMTO   APEX  0.10   0.10  -3036572928.0000  4320203776.0000    0.29879489  -127.9197   0.02065592    65.3268    0.01007270    96.7213    0.01417376   -17.9310    0.01311298    0.01311298    0.01311298    0.01311298
12.03333378 480.00   SMTO   JCMT  0.10   0.10   3278063360.0000  1316004992.0000    0.12162886    34.9673   0.00349875   -20.7551    0.00849089    36.2463    0.00629554   157.0917    0.00606093    0.00606093    0.00606093    0.00606093
12.03333378 480.00   SMTO    LMT  0.10   0.10  -1002683456.0000   716032384.0000    1.15338716  -137.8323   0.00391969    29.2774    0.00305595   151.3727    0.00334214    70.0980    0.00209211    0.00209211    0.00209211    0.00209211
12.03333378 480.00   SMTO   SMAP  0.10   0.10   3278060544.0000  1315938176.0000    0.11649524    17.2148   0.00476838  -118.3011    0.00578876    91.1510    0.01385739    95.8905    0.00618854    0.00618854    0.00618854    0.00618854
12.03333378 480.00    SPT   ALMA  0.10   0.10  -2976026880.0000 -4244276224.0000    0.14631402   -11.9588   0.00059944    -1.8479    0.00014349  -169.7966    0.00089691   -26.1271    0.00048083    0.00048083    0.00048083    0.00048083
12.03333378 480.00    SPT   APEX  0.10   0.10  -2976296704.0000 -4246275328.0000    0.14902148   -66.5422   0.01017945  -129.6812    0.00504532  -178.7209    0.00316576   153.6102    0.00480826    0.00480826    0.00480826    0.00480826
12.03333378 480.00    SPT   JCMT  0.10   0.10   3338339584.0000 -7250473984.0000    0.03991532   129.5478   0.00260267   -52.8349    0.00194666    82.4531    0.00207938   116.6437    0.00222242    0.00222242    0.00222242    0.00222242
12.03333378 480.00    SPT    LMT  0.10   0.10   -942407104.0000 -7850446336.0000    0.05889884   -80.4887   0.00165468  -158.3225    0.00149562   -33.3869    0.00039059   -92.4501    0.00076713    0.00076713    0.00076713    0.00076713
12.03333378 480.00    SPT   SMAP  0.10   0.10   3338336768.0000 -7250541056.0000    0.04053598   111.0174   0.00232481   121.6998    0.00173423  -150.7562    0.00218573    -1.1100    0.00226921    0.00226921    0.00226921    0.00226921
12.03333378 480.00    SPT   SMTO  0.10   0.10     60276316.0000 -8566478848.0000    0.04697329    52.8889   0.00447627   -32.7525    0.00221074   149.0928    0.00383032   -16.5649    0.00353631    0.00353631    0.00353631    0.00353631
12.35000038 480.00   JCMT   APEX  0.10   0.10  -6310434816.0000  3258692352.0000    0.06912253   148.1079   0.00499800    98.7508    0.01321045   -13.2033    0.01043804    -2.0566    0.00824094    0.00824094    0.00824094    0.00824094
12.35000038 480.00    LMT   APEX  0.10   0.10  -1931651072.0000  3684107776.0000    0.47376188    19.4080   0.00236835  -110.1092    0.00454642    33.4537    0.00095981   -80.1580    0.00284461    0.00284461    0.00284461    0.00284461
12.35000038 480.00    LMT   JCMT  0.10   0.10   4378783744.0000   425415552.0000    0.09425377    -9.2916   0.00097620    98.9000    0.00173663   -89.6215    0.00163790    96.2426    0.00131480    0.00131480    0.00131480    0.00131480
12.35000038 480.00   SMAP   APEX  0.10   0.10  -6310437376.0000  3258759168.0000    0.06248876  -122.1176   0.00958783   -95.0528    0.00160354  -162.7437    0.01769894  -166.3100    0.00841446    0.00841446    0.00841446    0.00841446
12.35000038 480.00   SMAP   JCMT  0.10   0.10        -2189.2571       66813.9844    1.89602851   105.0131   0.00402656  -116.2396    0.00827666   101.9661    0.00718949   122.4908    0.00388923    0.00388923    0.00388923    0.00388923
12.35000038 480.00   SMAP    LMT  0.10   0.10  -4378786304.0000  -425348736.0000    0.09724073   113.2209   0.00150074  -164.7763    0.00119712  -163.8819    0.00146609  -175.9281    0.00134248    0.00134248    0.00134248    0.00134248
12.35000038 480.00   SMTO   APEX  0.10   0.10  -2965071616.0000  4441183744.0000    0.30279429    27.0719   0.00633929    40.3678    0.02606553   -54.7314    0.00544164   -58.7085    0.01311298    0.01311298    0.01311298    0.01311298
12.35000038 480.00   SMTO   JCMT  0.10   0.10   3345363456.0000  1182491264.0000    0.11812592   -35.5027   0.01500865    42.9442    0.01078532  -100.8623    0.00642692  -177.5979    0.00606093    0.00606093    0.00606093    0.00606093
12.35000038 480.00   SMTO    LMT  0.10   0.10  -1033420544.0000   757075776.0000    1.10200661     2.5591   0.00259494    -1.5911    0.00144583     9.4299    0.00252590   162.9959    0.00209211    0.00209211    0.00209211    0.00209211
12.35000038 480.00   SMTO   SMAP  0.10   0.10   3345365504.0000  1182424448.0000    0.11337895  -138.2360   0.00913786   -86.1866    0.00965257   -45.4921    0.00582702    97.2529    0.00618854    0.00618854    0.00618854    0.00618854
12.35000038 480.00    SPT   APEX  0.10   0.10  -3247379968.0000 -4120819712.0000    0.13595004    -3.4671   0.00121322   121.3297    0.00632593    10.6212    0.00176084   143.1042    0.00480826    0.00480826    0.00480826    0.00480826
12.35000038 480.00    SPT   JCMT  0.10   0.10   3063055104.0000 -7379511808.0000    0.03817264   -38.2353   0.00234381    67.3868    0.00588200   -93.4416    0.00161491    57.6632    0.00222242    0.00222242    0.00222242    0.00222242
12.35000038 480.00    SPT    LMT  0.10   0.10  -1315729024.0000 -7804927488.0000    0.05267681   -34.3709   0.00042795   -66.5983    0.00037579    64.4614    0.00032953   -87.1768    0.00076713    0.00076713    0.00076713    0.00076713
12.35000038 480.00    SPT   SMAP  0.10   0.10   3063057152.0000 -7379578880.0000    0.03627480  -144.7544   0.00056484    80.4683    0.00354901    81.2491    0.00102305   -75.0634    0.00226921    0.00226921    0.00226921    0.00226921
12.35000038 480.00    SPT   SMTO  0.10   0.10   -282308416.0000 -8562003456.0000    0.05071266   -45.0019   0.00779451   -43.3225    0.00479990  -163.2634    0.01078312  -162.1356    0.00353631    0.00353631    0.00353631    0.00353631
12.61666632 480.00   APEX   ALMA  0.10   0.10       393692.6875     1974362.5000    1.89386868   107.8896   0.00197453  -162.6770    0.00183808   167.1095    0.00427494    90.4897    0.00178295    0.00178295    0.00178295    0.00178295
12.61666632 480.00   JCMT   ALMA  0.10   0.10  -6272688640.0000  3474235904.0000    0.05945503  -165.9958   0.00124641   -28.3829    0.00096395  -109.7888    0.00068410   152.8350    0.00082409    0.00082409    0.00082409    0.00082409
12.61666632 480.00   JCMT   APEX  0.10   0.10  -6273082368.0000  3472261632.0000    0.05407970    94.1474   0.01068537    -7.1877    0.00992024   167.9059    0.00937827  -114.7102    0.00824094    0.00824094    0.00824094    0.00824094
12.61666632 480.00    LMT   ALMA  0.10   0.10  -1834782464.0000  3750013440.0000    0.47956459   162.5733   0.00034944   144.4136    0.00071298    45.2102    0.00034924  -137.8093    0.00028446    0.00028446    0.00028446    0.00028446
12.61666632 480.00    LMT   APEX  0.10   0.10  -1835176192.0000  3748038912.0000    0.48359649    54.4104   0.00581071   -13.9912    0.00618850   -66.5174    0.00054884    -7.4160    0.00284461    0.00284461    0.00284461    0.00284461
12.61666632 480.00    LMT   JCMT  0.10   0.10   4437906432.0000   275777440.0000    0.08637509    90.2456   0.00288437   165.5709    0.00058344   -16.4766    0.00166138   123.8674    0.00131480    0.00131480    0.00131480    0.00131480
12.61666632 480.00   SMAP   ALMA  0.10   0.10  -6272695296.0000  3474302720.0000    0.05986057    52.3241   0.00149475    16.6158    0.00161220   -32.5465    0.00141327    26.8105    0.00084145    0.00084145    0.00084145    0.00084145
12.61666632 480.00   SMAP   APEX  0.10   0.10  -6273089024.0000  3472328448.0000    0.04807835   -53.1124   0.01806819   -50.8067    0.01335701   168.3507    0.00041380   115.0140    0.00841446    0.00841446    0.00841446    0.00841446
12.61666632 480.00   SMAP   JCMT  0.10   0.10        -6408.9917       66959.9141    1.88851194  -141.6042   0.00181673    37.6591    0.00097852  -125.5014    0.00610696    25.4453    0.00388923    0.00388923    0.00388923    0.00388923
12.61666632 480.00   SMAP    LMT  0.10   0.10  -4437912576.0000  -275710496.0000    0.08569057   130.9910   0.00337162   156.9552    0.00044417   -90.2623    0.00316151   -49.1085    0.00134248    0.00134248    0.00134248    0.00134248
12.61666632 480.00   SMTO   ALMA  0.10   0.10  -2888558336.0000  4542513152.0000    0.29775404  -153.3859   0.00174406    98.5787    0.00168573  -159.8251    0.00037965  -179.9359    0.00131130    0.00131130    0.00131130    0.00131130
12.61666632 480.00   SMTO   APEX  0.10   0.10  -2888952064.0000  4540538880.0000    0.30560567   101.0565   0.01158246  -128.8498    0.01379498   -37.6801    0.00438221  -142.1104    0.01311298    0.01311298    0.01311298    0.01311298
12.61666632 480.00   SMTO   JCMT  0.10   0.10   3384130560.0000  1068277440.0000    0.12756621   109.0271   0.01060959   159.2056    0.00241221   104.5360    0.00611092   172.1718    0.00606093    0.00606093    0.00606093    0.00606093
12.61666632 480.00   SMTO    LMT  0.10   0.10  -1053775744.0000   792499968.0000    1.06096504    39.8170   0.00341057    71.5112    0.00266564    47.4341    0.00476810  -142.8927    0.00209211    0.00209211    0.00209211    0.00209211
12.61666632 480.00   SMTO   SMAP  0.10   0.10   3384136960.0000  1068210432.0000    0.13251293  -113.3418   0.00472406   -60.9160    0.01041044     1.9543    0.00061018   138.5701    0.00618854    0.00618854    0.00618854    0.00618854
12.61666632 480.00    SPT   ALMA  0.10   0.10  -3457943040.0000 -4005035008.0000    0.11940452   146.5288   0.00036056  -153.5422    0.00045515   -56.3701    0.00062922  -149.4786    0.00048083    0.00048083    0.00048083    0.00048083
12.61666632 480.00    SPT   APEX  0.10   0.10  -3458336768.0000 -4007009280.0000    0.12176329    35.7588   0.00708907    26.8041    0.00730754   -76.3295    0.00886235   128.3916    0.00480826    0.00480826    0.00480826    0.00480826
12.61666632 480.00    SPT   JCMT  0.10   0.10   2814745856.0000 -7479270912.0000    0.04098345    64.6126   0.00479317   -26.5636    0.00349284  -130.3014    0.00065632    62.7209    0.00222242    0.00222242    0.00222242    0.00222242
12.61666632 480.00    SPT    LMT  0.10   0.10  -1623160576.0000 -7755048448.0000    0.04845951   -29.1170   0.00107366   110.5316    0.00087327    99.1427    0.00105175   -50.6717    0.00076713    0.00076713    0.00076713    0.00076713
12.61666632 480.00    SPT   SMAP  0.10   0.10   2814752256.0000 -7479337984.0000    0.03925525  -160.1990   0.00371615  -133.7352    0.00186710  -142.7536    0.00399516   -85.2032    0.00226921    0.00226921    0.00226921    0.00226921
12.61666632 480.00    SPT   SMTO  0.10   0.10   -569384832.0000 -8547548160.0000    0.04751399   -79.5660   0.00325271   -40.1021    0.00384474   -12.7435    0.00403729   -31.5572    0.00353631    0.00353631    0.00353631    0.00353631
12.80000067 480.00   APEX   ALMA  0.10   0.10       430828.8125     1964743.7500    1.89720524   -68.0442   0.00068891   -62.1728    0.00086399  -122.9647    0.00099681    49.3430    0.00178295    0.00178295    0.00178295    0.00178295
12.80000067 480.00   JCMT   ALMA  0.10   0.10  -6229129216.0000  3620079872.0000    0.05771685   147.1201   0.00103690   134.0959    0.00140025   -89.4606    0.00178705  -100.8213    0.00082409    0.00082409    0.00082409    0.00082409
12.80000067 480.00   JCMT   APEX  0.10   0.10  -6229559808.0000  3618115328.0000    0.06290682  -146.9508   0.00514066   -42.4897    0.00924082   156.4446    0.00637623    -5.4042    0.00824094    0.00824094    0.00824094    0.00824094
12.80000067 480.00    LMT   ALMA  0.10   0.10  -1763173760.0000  3791986432.0000    0.48153797   -53.7710   0.00013611   109.1374    0.00048101     6.1632    0.00025797   130.3166    0.00028446    0.00028446    0.00028446    0.00028446
12.80000067 480.00    LMT   APEX  0.10   0.10  -1763604608.0000  3790021632.0000    0.48240851    14.2497   0.00295103    18.5744    0.00553268    91.2074    0.00126657   -14.1425    0.00284461    0.00284461    0.00284461    0.00284461
12.80000067 480.00    LMT   JCMT  0.10   0.10   4465955328.0000   171906480.0000    0.07939426   -77.9967   0.00063859   -52.3036    0.00099406   142.4446    0.00085322   -10.6513    0.00131480    0.00131480    0.00131480    0.00131480
12.80000067 480.00   SMAP   ALMA  0.10   0.10  -6229138432.0000  3620147200.0000    0.05924735  -139.2671   0.00071762  -135.5548    0.00113107  -172.1469    0.00124367  -115.4936    0.00084145    0.00084145    0.00084145    0.00084145
12.80000067 480.00   SMAP   APEX  0.10   0.10  -6229569536.0000  3618182400.0000    0.05661028   -70.1558   0.00708358    97.5449    0.00979208   104.0908    0.01246114    88.3291    0.00841446    0.00841446    0.00841446    0.00841446
12.80000067 480.00   SMAP   JCMT  0.10   0.10        -9293.0918       67143.0937    1.89378092    74.0971   0.00511761     7.5040    0.00471186   168.0542    0.00647639   123.2060    0.00388923    0.00388923    0.00388923    0.00388923
12.80000067 480.00   SMAP    LMT  0.10   0.10  -4465964544.0000  -171839344.0000    0.08077305   151.5569   0.00119686   -61.4202    0.00153349    78.2336    0.00254306   166.5331    0.00134248    0.00134248    0.00134248    0.00134248
12.80000067 480.00   SMTO   ALMA  0.10   0.10  -2827954176.0000  4609201152.0000    0.29251456  -130.8521   0.00136068   -45.4090    0.00246831  -155.8773    0.00087550   -32.7376    0.00131130    0.00131130    0.00131130    0.00131130
12.80000067 480.00   SMTO   APEX  0.10   0.10  -2828385024.0000  4607236608.0000    0.29431769   -61.3650   0.01325880   156.1703    0.00891086   -86.7561    0.01151624   170.2804    0.01311298    0.01311298    0.01311298    0.01311298
12.80000067 480.00   SMTO   JCMT  0.10   0.10   3401174784.0000   989121152.0000    0.14425560  -176.5047   0.01113017   155.5673    0.00639967     4.4879    0.01342952   -66.1553    0.00606093    0.00606093    0.00606093    0.00606093
12.80000067 480.00   SMTO    LMT  0.10   0.10  -1064780544.0000   817214656.0000    1.03456102   -81.7460   0.00234948   -61.9781    0.00061893   -61.6930    0.00145537  -137.2221    0.00209211    0.00209211    0.00209211    0.00209211
12.80000067 480.00   SMTO   SMAP  0.10   0.10   3401184256.0000   989054016.0000    0.13051479   107.9123   0.00716703   -59.2059    0.00812548   163.2015    0.00288253    34.1485    0.00618854    0.00618854    0.00618854    0.00618854
12.80000067 480.00    SPT   ALMA  0.10   0.10  -3593170688.0000 -3922777856.0000    0.11309352   -40.7932   0.00050075  -132.1267    0.00044003  -103.2094    0.00033239     7.2317    0.00048083    0.00048083    0.00048083    0.00048083
12.80000067 480.00    SPT   APEX  0.10   0.10  -3593601536.0000 -3924742656.0000    0.11456411    26.4517   0.00803930   -74.6595    0.00232660   160.8806    0.00130530   115.4754    0.00480826    0.00480826    0.00480826    0.00480826
12.80000067 480.00    SPT   JCMT  0.10   0.10   2635958528.0000 -7542857728.0000    0.03984843   -78.0276   0.00314736    72.2844    0.00259009   105.4264    0.00439436   164.2567    0.00222242    0.00222242    0.00222242    0.00222242
12.80000067 480.00    SPT    LMT  0.10   0.10  -1829996928.0000 -7714764288.0000    0.04482634    -0.7348   0.00105096   179.4006    0.00048664  -148.7137    0.00112981   154.3649    0.00076713    0.00076713    0.00076713    0.00076713
12.80000067 480.00    SPT   SMAP  0.10   0.10   2635967744.0000 -7542924800.0000    0.04355471  -154.4021   0.00162160    32.6907    0.00458187    29.3727    0.00227284    65.8569    0.00226921    0.00226921    0.00226921    0.00226921
12.80000067 480.00    SPT   SMTO  0.10   0.10   -765216384.0000 -8531979264.0000    0.04561127    72.2309   0.00744360   -53.5375    0.00109677    44.5380    0.00248766    31.6818    0.00353631    0.00353631    0.00353631    0.00353631
13.11666727 480.00   APEX   ALMA  0.10   0.10       492575.0937     1946130.0000    1.89531710   108.6237   0.00601887   126.4251    0.00271519    28.2113    0.00028992    44.5127    0.00178295    0.00178295    0.00178295    0.00178295
13.11666727 480.00   JCMT   ALMA  0.10   0.10  -6119987200.0000  3869010944.0000    0.05008291   -79.0896   0.00150223   -94.9805    0.00116585  -148.7247    0.00153489    57.9556    0.00082409    0.00082409    0.00082409    0.00082409
13.11666727 480.00   JCMT   APEX  0.10   0.10  -6120479744.0000  3867064832.0000    0.03970709  -177.3991   0.00327494   -74.0691    0.00664471   167.7387    0.00894773   -99.3211    0.00824094    0.00824094    0.00824094    0.00824094
13.11666727 480.00    LMT   ALMA  0.10   0.10  -1629968128.0000  3860384768.0000    0.48235486  -137.6620   0.00022851  -157.4757    0.00024514  -176.4681    0.00060969   -39.7466    0.00028446    0.00028446    0.00028446    0.00028446
13.11666727 480.00    LMT   APEX  0.10   0.10  -1630460672.0000  3858438656.0000    0.48309042   113.4384   0.00286909    16.6417    0.00329009   -76.3678    0.00062190   140.3211    0.00284461    0.00284461    0.00284461    0.00284461
13.11666727 480.00    LMT   JCMT  0.10   0.10   4490019328.0000    -8626211.0000    0.06988785    73.7686   0.00241251  -122.1693    0.00303417  -107.4270    0.00221459  -107.0338    0.00131480    0.00131480    0.00131480    0.00131480
13.11666727 480.00   SMAP   ALMA  0.10   0.10  -6120001536.0000  3869078528.0000    0.05032416    60.5717   0.00052365   -38.5317    0.00111524   119.2882    0.00073943  -122.4466    0.00084145    0.00084145    0.00084145    0.00084145
13.11666727 480.00   SMAP   APEX  0.10   0.10  -6120494080.0000  3867132416.0000    0.05997642   -42.1326   0.00976523    67.9613    0.00402483    25.4226    0.00967993  -158.9594    0.00841446    0.00841446    0.00841446    0.00841446
13.11666727 480.00   SMAP   JCMT  0.10   0.10       -14220.2402       67617.0703    1.89232055   140.7152   0.00222345   106.1673    0.00131082   -38.5945    0.00501632   159.8662    0.00388923    0.00388923    0.00388923    0.00388923
13.11666727 480.00   SMAP    LMT  0.10   0.10  -4490033152.0000     8693828.0000    0.07016220    66.4641   0.00152288   126.7130    0.00214134    73.5779    0.00047528   -95.2041    0.00134248    0.00134248    0.00134248    0.00134248
13.11666727 480.00   SMTO   ALMA  0.10   0.10  -2707937280.0000  4720792576.0000    0.28410732   121.8617   0.00196412  -102.3147    0.00074530    51.5147    0.00272232   128.3938    0.00131130    0.00131130    0.00131130    0.00131130
13.11666727 480.00   SMTO   APEX  0.10   0.10  -2708429824.0000  4718846464.0000    0.28540716    16.8675   0.00259367  -172.4694    0.00613510   -97.5973    0.01594524    32.0112    0.01311298    0.01311298    0.01311298    0.01311298
13.11666727 480.00   SMTO   JCMT  0.10   0.10   3412049920.0000   851781568.0000    0.16708394   -46.3569   0.00247001   -16.9200    0.01188194  -119.8419    0.01247923    40.2229    0.00606093    0.00606093    0.00606093    0.00606093
13.11666727 480.00   SMTO    LMT  0.10   0.10  -1077969280.0000   860407808.0000    0.98560127  -106.0784   0.00200251   155.0281    0.00278327    -2.0249    0.00111584   -16.0713    0.00209211    0.00209211    0.00209211    0.00209211
13.11666727 480.00   SMTO   SMAP  0.10   0.10   3412064256.0000   851713984.0000    0.15712741   167.5569   0.00392972   124.1529    0.00216753    17.0312    0.01215837    -4.5693    0.00618854    0.00618854    0.00618854    0.00618854
13.11666727 480.00    SPT   ALMA  0.10   0.10  -3806977280.0000 -3773607168.0000    0.10095277    15.4376   0.00042145  -173.0131    0.00060060  -142.2844    0.00050610  -131.3895    0.00048083    0.00048083    0.00048083    0.00048083
13.11666727 480.00    SPT   APEX  0.10   0.10  -3807470080.0000 -3775553280.0000    0.09603443   -93.4316   0.00447343   136.1009    0.00311977   -78.4264    0.00972511    -6.0118    0.00480826    0.00480826    0.00480826    0.00480826
13.11666727 480.00    SPT   JCMT  0.10   0.10   2313009920.0000 -7642618368.0000    0.04918402  -157.0814   0.00311411    96.5972    0.00330872    -5.6269    0.00216982   128.3790    0.00222242    0.00222242    0.00222242    0.00222242
13.11666727 480.00    SPT    LMT  0.10   0.10  -2177009408.0000 -7633991680.0000    0.03768603   139.9229   0.00124913  -145.2497    0.00132267   174.2843    0.00172767  -166.4992    0.00076713    0.00076713    0.00076713    0.00076713
13.11666727 480.00    SPT   SMAP  0.10   0.10   2313024000.0000 -7642685952.0000    0.04896017    62.5226   0.00310564  -171.4677    0.00199342   144.7283    0.00475765   178.8431    0.00226921    0.00226921    0.00226921    0.00226921
13.11666727 480.00    SPT   SMTO  0.10   0.10  -1099040128.0000 -8494399488.0000    0.04641727  -138.3983   0.00217346   -74.7886    0.00423846   -80.6143    0.00217220    75.2243    0.00353631    0.00353631    0.00353631    0.00353631
13.30000019 480.00   APEX   ALMA  0.10   0.10       526794.4375     1934238.2500    1.89423379    21.2247   0.00212580    11.1905    0.00157808   102.5901    0.00312026   -50.9894    0.00178295    0.00178295    0.00178295    0.00178295
13.30000019 480.00   JCMT   ALMA  0.10   0.10  -6037420032.0000  4010837248.0000    0.04400014    52.9434   0.00036135  -149.8667    0.00170116  -131.1700    0.00043474  -119.5175    0.00082409    0.00082409    0.00082409    0.00082409
13.30000019 480.00   JCMT   APEX  0.10   0.10  -6037946880.0000  4008902912.0000    0.03960194    31.7420   0.00964328   -65.6069    0.01359137  -160.2233    0.01004334    14.6940    0.00824094    0.00824094    0.00824094    0.00824094
13.30000019 480.00    LMT   ALMA  0.10   0.10  -1547641216.0000  3897454080.0000    0.48070672   -25.4514   0.00021411  -102.7098    0.00011926    19.8252    0.00009528   129.6857    0.00028446    0.00028446    0.00028446    0.00028446
13.30000019 480.00    LMT   APEX  0.10   0.10  -1548168064.0000  3895520000.0000    0.48116344   -46.5204   0.00220617   131.0652    0.00444719   -18.4709    0.00378350    68.2942    0.00284461    0.00284461    0.00284461    0.00284461
13.30000019 480.00    LMT   JCMT  0.10   0.10   4489778688.0000  -113383032.0000    0.06760500    57.5444   0.00090430   -73.0884    0.00160446   -47.1669    0.00199891    21.9400    0.00131480    0.00131480    0.00131480    0.00131480
13.30000019 480.00   SMAP   ALMA  0.10   0.10  -6037436928.0000  4010905088.0000    0.04196346    61.1472   0.00071943  -168.3347    0.00130108   -71.5060    0.00201068    81.1660    0.00084145    0.00084145    0.00084145    0.00084145
13.30000019 480.00   SMAP   APEX  0.10   0.10  -6037963776.0000  4008971008.0000    0.03645086    50.2341   0.01458480   111.2446    0.01758358   122.6215    0.00412983    42.0540    0.00841446    0.00841446    0.00841446    0.00841446
13.30000019 480.00   SMAP   JCMT  0.10   0.10       -17030.0664       67981.6328    1.89784610    11.0849   0.00397585    71.7290    0.00392323   -44.4944    0.00143137   -98.0623    0.00388923    0.00388923    0.00388923    0.00388923
13.30000019 480.00   SMAP    LMT  0.10   0.10  -4489795584.0000   113451008.0000    0.07133464   -46.6964   0.00145372   -87.4582    0.00016768    17.6873    0.00105499  -106.7935    0.00134248    0.00134248    0.00134248    0.00134248
13.30000019 480.00   SMTO   ALMA  0.10   0.10  -2629846784.0000  4783062016.0000    0.28007157    53.3907   0.00079286   156.8704    0.00201976   -12.1912    0.00278285   165.8078    0.00131130    0.00131130    0.00131130    0.00131130
13.30000019 480.00   SMTO   APEX  0.10   0.10  -2630373632.0000  4781128192.0000    0.26346833    29.3982   0.02891648    15.3058    0.00692213  -174.3297    0.01809601  -111.9500    0.01311298    0.01311298    0.01311298    0.01311298
13.30000019 480.00   SMTO   JCMT  0.10   0.10   3407572992.0000   772225024.0000    0.17332872   112.4028   0.00599798   -40.8596    0.00394304  -117.0246    0.01307897   150.8439    0.00606093    0.00606093    0.00606093    0.00606093
13.30000019 480.00   SMTO    LMT  0.10   0.10  -1082205568.0000   885608064.0000    0.96224949    73.1033   0.00359591    25.9000    0.00209956  -137.5936    0.00389927   -50.9811    0.00209211    0.00209211    0.00209211    0.00209211
13.30000019 480.00   SMTO   SMAP  0.10   0.10   3407589888.0000   772157056.0000    0.17434605    99.2161   0.00481080    51.4869    0.00576567  -154.5564    0.00849344    90.8141    0.00618854    0.00618854    0.00618854    0.00618854
13.30000019 480.00    SPT   ALMA  0.10   0.10  -3918829824.0000 -3683479296.0000    0.09494064    24.6391   0.00079194   104.0284    0.00107642    72.3185    0.00140799  -112.6476    0.00048083    0.00048083    0.00048083    0.00048083
13.30000019 480.00    SPT   APEX  0.10   0.10  -3919356672.0000 -3685413376.0000    0.09199668     4.8620   0.00988166    13.9254    0.00557470   -42.7185    0.00311718   -24.4516    0.00480826    0.00480826    0.00480826    0.00480826
13.30000019 480.00    SPT   JCMT  0.10   0.10   2118590080.0000 -7694316544.0000    0.05202672    78.3743   0.00513621   143.7115    0.00118756   -63.7469    0.00541233  -129.7685    0.00222242    0.00222242    0.00222242    0.00222242
13.30000019 480.00    SPT    LMT  0.10   0.10  -2371188480.0000 -7580933632.0000    0.03470021    36.6291   0.00067824   137.8666    0.00132762   119.2156    0.00138754   160.2853    0.00076713    0.00076713    0.00076713    0.00076713
13.30000019 480.00    SPT   SMAP  0.10   0.10   2118607104.0000 -7694384640.0000    0.05129750    67.5220   0.00079020  -124.7788    0.00120429   -27.8501    0.00286088   143.1329    0.00226921    0.00226921    0.00226921    0.00226921
13.30000019 480.00    SPT   SMTO  0.10   0.10  -1288982912.0000 -8466541568.0000    0.04424103   -49.5246   0.00164070   -46.3484    0.00218732   -84.5004    0.00331764     9.0801    0.00353631    0.00353631    0.00353631    0.00353631
13.61666679 480.00   APEX   ALMA  0.10   0.10       582983.2500     1911867.5000    1.89629418   118.2183   0.00150516   -75.1616    0.00311556   -19.7650    0.00296697   177.3044    0.00178295    0.00178295    0.00178295    0.00178295
13.61666679 480.00   JCMT   ALMA  0.10   0.10  -5861997568.0000  4250703360.0000    0.02944188   167.0246   0.00017544   -31.7106    0.00141422    -3.0192    0.00120725  -150.4463    0.00082409    0.00082409    0.00082409    0.00082409
13.61666679 480.00   JCMT   APEX  0.10   0.10  -5862580736.0000  4248791296.0000    0.03043058    33.8029   0.00714030   106.9589    0.01015499   -38.6908    0.00114830  -123.6903    0.00824094    0.00824094    0.00824094    0.00824094
13.61666679 480.00    LMT   ALMA  0.10   0.10  -1397111680.0000  3956813824.0000    0.47548523  -137.2923   0.00025066  -162.2893    0.00036858    74.6417    0.00041586    70.3535    0.00028446    0.00028446    0.00028446    0.00028446
13.61666679 480.00    LMT   APEX  0.10   0.10  -1397694720.0000  3954902016.0000    0.48126448   104.6495   0.00519462  -125.1702    0.00243263    75.1847    0.00328210    37.5875    0.00284461    0.00284461    0.00284461    0.00284461
13.61666679 480.00    LMT   JCMT  0.10   0.10   4464885760.0000  -293889312.0000    0.07155364  -169.9652   0.00250345    13.4680    0.00119549  -171.4576    0.00145355    43.0226    0.00131480    0.00131480    0.00131480    0.00131480
13.61666679 480.00   SMAP   ALMA  0.10   0.10  -5862019584.0000  4250771968.0000    0.02928187   -18.0778   0.00151113   106.7812    0.00125037   -54.1216    0.00136767    18.4014    0.00084145    0.00084145    0.00084145    0.00084145
13.61666679 480.00   SMAP   APEX  0.10   0.10  -5862602240.0000  4248860160.0000    0.03781097  -107.2581   0.00498231    59.7900    0.00855992   178.0307    0.01929109   -22.1263    0.00841446    0.00841446    0.00841446    0.00841446
13.61666679 480.00   SMAP   JCMT  0.10   0.10       -21786.8437       68764.0937    1.89278906   174.1753   0.00518662    94.8800    0.00520286   177.6134    0.00423558  -167.8136    0.00388923    0.00388923    0.00388923    0.00388923
13.61666679 480.00   SMAP    LMT  0.10   0.10  -4464907776.0000   293958080.0000    0.07395062   -16.1579   0.00178298    67.0505    0.00158405    34.5809    0.00135701    94.8481    0.00134248    0.00134248    0.00134248    0.00134248
13.61666679 480.00   SMTO   ALMA  0.10   0.10  -2480729088.0000  4886080000.0000    0.27262660   -20.7029   0.00164910   163.5802    0.00185600  -167.8987    0.00138699    45.3846    0.00131130    0.00131130    0.00131130    0.00131130
13.61666679 480.00   SMTO   APEX  0.10   0.10  -2481312000.0000  4884168192.0000    0.26396382  -134.9885   0.00566981  -116.9114    0.01377475   130.5423    0.02108607   167.3863    0.01311298    0.01311298    0.01311298    0.01311298
13.61666679 480.00   SMTO   JCMT  0.10   0.10   3381268480.0000   635376960.0000    0.20843920   -83.8217   0.00662490  -106.9082    0.01262970   134.1262    0.00813428    57.3301    0.00606093    0.00606093    0.00606093    0.00606093
13.61666679 480.00   SMTO    LMT  0.10   0.10  -1083617408.0000   929266240.0000    0.92089200   110.6142   0.00410488    91.3667    0.00312159   148.1059    0.00293769   170.7475    0.00209211    0.00209211    0.00209211    0.00209211
13.61666679 480.00   SMTO   SMAP  0.10   0.10   3381290240.0000   635308160.0000    0.21011097   100.0021   0.00606594    26.6610    0.00662988   -61.4935    0.00365363    -0.3286    0.00618854    0.00618854    0.00618854    0.00618854
13.61666679 480.00    SPT   ALMA  0.10   0.10  -4090516736.0000 -3522028544.0000    0.08794368    83.5717   0.00053286   -95.6641    0.00021240    80.7573    0.00106821    74.3883    0.00048083    0.00048083    0.00048083    0.00048083
13.61666679 480.00    SPT   APEX  0.10   0.10  -4091099648.0000 -3523940352.0000    0.08806492   -38.1101   0.00200540     5.3168    0.01338365   155.2947    0.00521734    24.6638    0.00480826    0.00480826    0.00480826    0.00480826
13.61666679 480.00    SPT   JCMT  0.10   0.10   1771480960.0000 -7772731904.0000    0.06131143     7.1189   0.00443551   -22.3939    0.00118428    77.2445    0.00142144   -14.8114    0.00222242    0.00222242    0.00222242    0.00222242
13.61666679 480.00    SPT    LMT  0.10   0.10  -2693404928.0000 -7478842368.0000    0.02810743  -147.4403   0.00200234  -140.1860    0.00199167  -167.6034    0.00084721   -47.0058    0.00076713    0.00076713    0.00076713    0.00076713
13.61666679 480.00    SPT   SMAP  0.10   0.10   1771502720.0000 -7772800512.0000    0.06061159  -172.6158   0.00237133    -0.7311    0.00326100    62.6132    0.00260149   -42.1806    0.00226921    0.00226921    0.00226921    0.00226921
13.61666679 480.00    SPT   SMTO  0.10   0.10  -1609787520.0000 -8408108544.0000    0.04244400    83.8607   0.00147552     4.4922    0.00469016  -127.2398    0.00352207   -93.7319    0.00353631    0.00353631    0.00353631    0.00353631
13.88333273 480.00   APEX   ALMA  0.10   0.10       627192.1875     1891328.2500    1.89820757   145.0393   0.00108051  -179.0391    0.00396412   -65.6055    0.00299379   -94.8711    0.00178295    0.00178295    0.00178295    0.00178295
13.88333273 480.00   JCMT   ALMA  0.10   0.10  -5682813440.0000  4446643200.0000    0.01760205    34.4473   0.00053363   -89.4470    0.00048596   126.2368    0.00150782    10.4165    0.00082409    0.00082409    0.00082409    0.00082409
13.88333273 480.00   JCMT   APEX  0.10   0.10  -5683440640.0000  4444751872.0000    0.01951721  -153.4104   0.01733141   177.3614    0.01347309  -133.8246    0.01294706   128.9012    0.00824094    0.00824094    0.00824094    0.00824094
13.88333273 480.00    LMT   ALMA  0.10   0.10  -1262821376.0000  4001958656.0000    0.46833117  -113.6687   0.00044133    98.9403    0.00027127   162.3642    0.00011804    96.9241    0.00028446    0.00028446    0.00028446    0.00028446
13.88333273 480.00    LMT   APEX  0.10   0.10  -1263448576.0000  4000067328.0000    0.47436864   100.8862   0.00484128   164.7024    0.00208324     1.9561    0.00474060    48.1690    0.00284461    0.00284461    0.00284461    0.00284461
13.88333273 480.00    LMT   JCMT  0.10   0.10   4419992064.0000  -444684704.0000    0.08353651   -44.2744   0.00152737    79.5494    0.00059002    56.5429    0.00175319    79.3668    0.00131480    0.00131480    0.00131480    0.00131480
13.88333273 480.00   SMAP   ALMA  0.10   0.10  -5682839040.0000  4446712832.0000    0.01786073    -5.2847   0.00193112   143.9545    0.00061654  -167.1155    0.00079851    65.3159    0.00084145    0.00084145    0.00084145    0.00084145
13.88333273 480.00   SMAP   APEX  0.10   0.10  -5683466240.0000  4444821504.0000    0.01740098   168.7193   0.02144983  -133.7409    0.01078208  -142.1561    0.01504049  -128.6729    0.00841446    0.00841446    0.00841446    0.00841446
13.88333273 480.00   SMAP   JCMT  0.10   0.10       -25677.1523       69569.6641    1.89699816   -40.2542   0.00944972   -64.8892    0.00441246   -40.8117    0.00087770   -85.7550    0.00388923    0.00388923    0.00388923    0.00388923
13.88333273 480.00   SMAP    LMT  0.10   0.10  -4420017664.0000   444754272.0000    0.08305958     4.6777   0.00172175   -35.4933    0.00084263    97.9322    0.00151184  -158.0195    0.00134248    0.00134248    0.00134248    0.00134248
13.88333273 480.00   SMTO   ALMA  0.10   0.10  -2341821696.0000  4967929344.0000    0.26553000    62.0838   0.00096691  -115.5498    0.00182867   152.6475    0.00187261   129.3478    0.00131130    0.00131130    0.00131130    0.00131130
13.88333273 480.00   SMTO   APEX  0.10   0.10  -2342448896.0000  4966038016.0000    0.27401512   -87.3674   0.02482963    89.9319    0.00345704  -145.6782    0.02454478  -168.3099    0.01311298    0.01311298    0.01311298    0.01311298
13.88333273 480.00   SMTO   JCMT  0.10   0.10   3340992000.0000   521285792.0000    0.23576730    95.9677   0.00228094   -37.3821    0.01121094    82.3856    0.01025443   134.6094    0.00606093    0.00606093    0.00606093    0.00606093
13.88333273 480.00   SMTO    LMT  0.10   0.10  -1079000320.0000   965970496.0000    0.88359664   169.2290   0.00205550    53.4928    0.00309764    -7.6467    0.00137469    40.5235    0.00209211    0.00209211    0.00209211    0.00209211
13.88333273 480.00   SMTO   SMAP  0.10   0.10   3341017600.0000   521216224.0000    0.23784346   140.4558   0.00588822    71.8310    0.00579044    16.0620    0.01011082   -52.6962    0.00618854    0.00618854    0.00618854    0.00618854
13.88333273 480.00    SPT   ALMA  0.10   0.10  -4213225216.0000 -3381096192.0000    0.08392883     4.0589   0.00064971    64.9053    0.00067407   -93.7989    0.00056523     2.3683    0.00048083    0.00048083    0.00048083    0.00048083
13.88333273 480.00    SPT   APEX  0.10   0.10  -4213852416.0000 -3382987520.0000    0.08522761  -141.9439   0.01170789   -10.8984    0.01087667  -117.1170    0.00441898    33.2822    0.00480826    0.00480826    0.00480826    0.00480826
13.88333273 480.00    SPT   JCMT  0.10   0.10   1469588480.0000 -7827739648.0000    0.06694371    19.9257   0.00281869    42.9410    0.00374517   138.0057    0.00612580   116.2430    0.00222242    0.00222242    0.00222242    0.00222242
13.88333273 480.00    SPT    LMT  0.10   0.10  -2950403840.0000 -7383054848.0000    0.02342933   110.1914   0.00064394  -111.7229    0.00042545  -145.3119    0.00029428   -61.7363    0.00076713    0.00076713    0.00076713    0.00076713
13.88333273 480.00    SPT   SMAP  0.10   0.10   1469614080.0000 -7827809280.0000    0.05906836    63.1233   0.00296002   -82.4587    0.00494511   160.4194    0.00638635   -63.4047    0.00226921    0.00226921    0.00226921    0.00226921
13.88333273 480.00    SPT   SMTO  0.10   0.10  -1871403520.0000 -8349025280.0000    0.04133968   -67.1257   0.00283420    75.7297    0.00262612  -160.9494    0.00520307   165.5500    0.00353631    0.00353631    0.00353631    0.00353631
14.06666708 480.00   APEX   ALMA  0.10   0.10       655816.1250     1876360.8750    1.89840519    37.8254   0.00288937    -0.5549    0.00285335  -161.3991    0.00088625   172.1920    0.00178295    0.00178295    0.00178295    0.00178295
14.06666708 480.00   JCMT   ALMA  0.10   0.10  -5543417856.0000  4577606656.0000    0.01614725   -91.4074   0.00068244   -43.4541    0.00107448    10.7285    0.00163388  -137.5436    0.00082409    0.00082409    0.00082409    0.00082409
14.06666708 480.00   JCMT   APEX  0.10   0.10  -5544073728.0000  4575730176.0000    0.02430208  -117.4966   0.01981644    27.2563    0.00260172   -45.5041    0.00589402    26.9638    0.00824094    0.00824094    0.00824094    0.00824094
14.06666708 480.00    LMT   ALMA  0.10   0.10  -1166867328.0000  4030302976.0000    0.46278209   -47.4394   0.00048357    90.3597    0.00073913  -166.3291    0.00040337   -54.8152    0.00028446    0.00028446    0.00028446    0.00028446
14.06666708 480.00    LMT   APEX  0.10   0.10  -1167523072.0000  4028426752.0000    0.46554472   -85.5421   0.00252693   176.8090    0.00375681   148.3253    0.00476434    88.1609    0.00284461    0.00284461    0.00284461    0.00284461
14.06666708 480.00    LMT   JCMT  0.10   0.10   4376550400.0000  -547303680.0000    0.09389704   107.3887   0.00236575    39.2971    0.00314171   135.2005    0.00089758  -128.2264    0.00131480    0.00131480    0.00131480    0.00131480
14.06666708 480.00   SMAP   ALMA  0.10   0.10  -5543446016.0000  4577676800.0000    0.01829383   163.2347   0.00142899   -64.6885    0.00200173   130.2172    0.00212155   134.2570    0.00084145    0.00084145    0.00084145    0.00084145
14.06666708 480.00   SMAP   APEX  0.10   0.10  -5544101888.0000  4575800320.0000    0.02825147   111.6661   0.00311196    79.6151    0.01547252    80.8069    0.01734000    81.0943    0.00841446    0.00841446    0.00841446    0.00841446
14.06666708 480.00   SMAP   JCMT  0.10   0.10       -28279.9023       70199.1172    1.90299599  -112.5589   0.00202350   110.4312    0.00213055    74.0518    0.00638822    46.7896    0.00388923    0.00388923    0.00388923    0.00388923
14.06666708 480.00   SMAP    LMT  0.10   0.10  -4376578560.0000   547373888.0000    0.09417681   139.9923   0.00239006   -84.4279    0.00431146  -131.8090    0.00231956   109.9159    0.00134248    0.00134248    0.00134248    0.00134248
14.06666708 480.00   SMTO   ALMA  0.10   0.10  -2239624704.0000  5021375488.0000    0.25919950  -172.8546   0.00068104  -135.9295    0.00276559  -157.2422    0.00073108     5.0029    0.00131130    0.00131130    0.00131130    0.00131130
14.06666708 480.00   SMTO   APEX  0.10   0.10  -2240280576.0000  5019499008.0000    0.26338011   148.9098   0.01026304  -153.7729    0.01455353  -120.6430    0.01893667   132.4722    0.01311298    0.01311298    0.01311298    0.01311298
14.06666708 480.00   SMTO   JCMT  0.10   0.10   3303792896.0000   443768832.0000    0.25305582   -57.3793   0.00753250  -163.2953    0.00183634    93.9501    0.00294604    95.2604    0.00606093    0.00606093    0.00606093    0.00606093
14.06666708 480.00   SMTO    LMT  0.10   0.10  -1072757568.0000   991072576.0000    0.86146969  -132.7113   0.00541060    40.0972    0.00353635   142.3758    0.00460314  -174.6870    0.00209211    0.00209211    0.00209211    0.00209211
14.06666708 480.00   SMTO   SMAP  0.10   0.10   3303821312.0000   443698656.0000    0.25483059    53.8032   0.00338231  -174.9188    0.01637603   -23.5012    0.01177618  -145.1206    0.00618854    0.00618854    0.00618854    0.00618854
14.06666708 480.00    SPT   ALMA  0.10   0.10  -4285647360.0000 -3281949696.0000    0.08075063   111.0998   0.00031365   117.4386    0.00039136   -53.6454    0.00051945  -114.1527    0.00048083    0.00048083    0.00048083    0.00048083
14.06666708 480.00    SPT   APEX  0.10   0.10  -4286302976.0000 -3283826176.0000    0.07827452    79.2912   0.01121766   142.8584    0.00291025    49.6142    0.00863833   115.8444    0.00480826    0.00480826    0.00480826    0.00480826
14.06666708 480.00    SPT   JCMT  0.10   0.10   1257770496.0000 -7859556352.0000    0.06466451  -155.1155   0.00363157    79.5484    0.00271868  -146.8101    0.00185504   -13.0315    0.00222242    0.00222242    0.00222242    0.00222242
14.06666708 480.00    SPT    LMT  0.10   0.10  -3118779904.0000 -7312252928.0000    0.02156662   152.5046   0.00057807   148.9405    0.00018750    37.5247    0.00070245  -143.9796    0.00076713    0.00076713    0.00076713    0.00076713
14.06666708 480.00    SPT   SMAP  0.10   0.10   1257798784.0000 -7859626496.0000    0.06465309   -40.0159   0.00502005   131.2727    0.00203020  -130.8156    0.00368143   113.7096    0.00226921    0.00226921    0.00226921    0.00226921
14.06666708 480.00    SPT   SMTO  0.10   0.10  -2046022400.0000 -8303325184.0000    0.03249590   -93.1640   0.00286417    78.3085    0.00761483   -47.7576    0.00398942    43.7159    0.00353631    0.00353631    0.00353631    0.00353631
14.25000000 480.00   APEX   ALMA  0.10   0.10       682921.2500     1860743.3750    1.89709218   -89.8705   0.00159280   -48.1606    0.00248430    23.1143    0.00375439    93.2798    0.00178295    0.00178295    0.00178295    0.00178295
14.25000000 480.00   JCMT   ALMA  0.10   0.10  -5391184384.0000  4705167872.0000    0.02606947   143.5375   0.00144010   -58.8883    0.00151138   -55.5004    0.00076267    47.2679    0.00082409    0.00082409    0.00082409    0.00082409
14.25000000 480.00   JCMT   APEX  0.10   0.10  -5391867392.0000  4703307264.0000    0.02776211  -137.5233   0.00058404    15.0763    0.01482850    66.9668    0.00998942   -96.2412    0.00824094    0.00824094    0.00824094    0.00824094
14.25000000 480.00    LMT   ALMA  0.10   0.10  -1068210944.0000  4056377088.0000    0.45632255    18.1155   0.00030466    62.6517    0.00057014   -67.8833    0.00019874   104.4853    0.00028446    0.00028446    0.00028446    0.00028446
14.25000000 480.00    LMT   APEX  0.10   0.10  -1068893888.0000  4054516224.0000    0.45514363   107.4077   0.00189335    35.0395    0.00504474    37.3214    0.00120908    -5.4965    0.00284461    0.00284461    0.00284461    0.00284461
14.25000000 480.00    LMT   JCMT  0.10   0.10   4322973184.0000  -648790912.0000    0.10600615   -85.3919   0.00229647    97.8257    0.00201939    67.2327    0.00168871   -90.4334    0.00131480    0.00131480    0.00131480    0.00131480
14.25000000 480.00   SMAP   ALMA  0.10   0.10  -5391215104.0000  4705239040.0000    0.02562102    -8.8333   0.00086847  -146.9397    0.00136111  -109.4716    0.00010702   123.0682    0.00084145    0.00084145    0.00084145    0.00084145
14.25000000 480.00   SMAP   APEX  0.10   0.10  -5391898112.0000  4703377920.0000    0.03382937    72.5837   0.01165511   166.1966    0.00719192  -176.1008    0.00896275    78.1068    0.00841446    0.00841446    0.00841446    0.00841446
14.25000000 480.00   SMAP   JCMT  0.10   0.10       -30817.1621       70888.5312    1.89309698  -152.7728   0.00745251   -53.4988    0.00307481  -131.9002    0.00492261   177.3444    0.00388923    0.00388923    0.00388923    0.00388923
14.25000000 480.00   SMAP    LMT  0.10   0.10  -4323003904.0000   648861760.0000    0.10545333   -69.0051   0.00074744     0.1416    0.00148429    19.0701    0.00197890   129.2566    0.00134248    0.00134248    0.00134248    0.00134248
14.25000000 480.00   SMTO   ALMA  0.10   0.10  -2132241408.0000  5072376832.0000    0.25337312  -122.7808   0.00166612  -169.5212    0.00208457    71.9818    0.00207166    50.7300    0.00131130    0.00131130    0.00131130    0.00131130
14.25000000 480.00   SMTO   APEX  0.10   0.10  -2132924288.0000  5070516224.0000    0.25518587   -28.9817   0.02358372    -7.3935    0.00602616  -177.6330    0.04141309  -121.2272    0.01311298    0.01311298    0.01311298    0.01311298
14.25000000 480.00   SMTO   JCMT  0.10   0.10   3258942976.0000   367209056.0000    0.27482151    93.4130   0.01002132   -29.8849    0.01056431    76.6208    0.00484966   -69.1699    0.00606093    0.00606093    0.00606093    0.00606093
14.25000000 480.00   SMTO    LMT  0.10   0.10  -1064030464.0000  1015999936.0000    0.83489891  -147.9410   0.00129607   143.2897    0.00129179   138.4515    0.00469255    54.9187    0.00209211    0.00209211    0.00209211    0.00209211
14.25000000 480.00   SMTO   SMAP  0.10   0.10   3258973696.0000   367138176.0000    0.28239063  -112.0868   0.00673713   -21.8421    0.01008422  -126.7751    0.00127345   -94.1372    0.00618854    0.00618854    0.00618854    0.00618854
14.25000000 480.00    SPT   ALMA  0.10   0.10  -4348144640.0000 -3181229312.0000    0.08063029    95.9946   0.00034894    -7.1891    0.00049862    84.1854    0.00076815  -176.1344    0.00048083    0.00048083    0.00048083    0.00048083
14.25000000 480.00    SPT   APEX  0.10   0.10  -4348827136.0000 -3183090176.0000    0.08190902  -178.6711   0.00571453   112.1899    0.00096119    33.8525    0.00833503    56.8783    0.00480826    0.00480826    0.00480826    0.00480826
14.25000000 480.00    SPT   JCMT  0.10   0.10   1043039744.0000 -7886397440.0000    0.06485407   -72.5349   0.00322222   178.2535    0.00132857   -12.5786    0.00479853   -60.1019    0.00222242    0.00222242    0.00222242    0.00222242
14.25000000 480.00    SPT    LMT  0.10   0.10  -3279933440.0000 -7237606400.0000    0.02091704    79.5062   0.00061192    38.5131    0.00073597   147.0220    0.00044595   170.7965    0.00076713    0.00076713    0.00076713    0.00076713
14.25000000 480.00    SPT   SMAP  0.10   0.10   1043070592.0000 -7886468096.0000    0.06631116    81.6729   0.00175086  -157.6029    0.00078297   -29.4547    0.00276088  -146.3779    0.00226921    0.00226921    0.00226921    0.00226921
14.25000000 480.00    SPT   SMTO  0.10   0.10  -2215902976.0000 -8253606400.0000    0.03635164  -153.4386   0.00495628    50.6121    0.00380947   147.5128    0.00315980  -177.3430    0.00353631    0.00353631    0.00353631    0.00353631
14.41666603 480.00   APEX   ALMA  0.10   0.10       706191.5000     1846012.0000    1.89645364    10.5094   0.00438650   -29.2723    0.00250162   -65.3147    0.00200574    71.5620    0.00178295    0.00178295    0.00178295    0.00178295
14.41666603 480.00   JCMT   ALMA  0.10   0.10  -5241946112.0000  4817931776.0000    0.03605936  -143.3843   0.00075173  -117.4853    0.00115690   -46.9865    0.00049807  -122.2285    0.00082409    0.00082409    0.00082409    0.00082409
14.41666603 480.00   JCMT   APEX  0.10   0.10  -5242652160.0000  4816085504.0000    0.02792304  -144.5724   0.00718427  -164.1232    0.00645603   165.8737    0.00701422   -43.0099    0.00824094    0.00824094    0.00824094    0.00824094
14.41666603 480.00    LMT   ALMA  0.10   0.10   -976370496.0000  4078059776.0000    0.45003985   101.1705   0.00030013    67.7239    0.00035150  -112.8731    0.00003282    46.5084    0.00028446    0.00028446    0.00028446    0.00028446
14.41666603 480.00    LMT   APEX  0.10   0.10   -977076736.0000  4076213760.0000    0.45041630    90.4328   0.00602640   -45.9990    0.00540577   -56.4166    0.00062462    14.5588    0.00284461    0.00284461    0.00284461    0.00284461
14.41666603 480.00    LMT   JCMT  0.10   0.10   4265575424.0000  -739872000.0000    0.11965897   -85.5440   0.00170428   -29.6990    0.00183236  -179.3688    0.00209415   123.8248    0.00131480    0.00131480    0.00131480    0.00131480
14.41666603 480.00   SMAP   ALMA  0.10   0.10  -5241978880.0000  4818003456.0000    0.03384476   -65.0536   0.00173465    27.2955    0.00068197    30.9596    0.00244302   -27.7372    0.00084145    0.00084145    0.00084145    0.00084145
14.41666603 480.00   SMAP   APEX  0.10   0.10  -5242685440.0000  4816157184.0000    0.02659839   -96.8370   0.01160373   -53.8239    0.00841977   -91.6999    0.01234651   -65.3906    0.00841446    0.00841446    0.00841446    0.00841446
14.41666603 480.00   SMAP   JCMT  0.10   0.10       -33061.9805       71565.9687    1.89601724    77.2273   0.00230451    20.0823    0.00448586    68.7724    0.00469614  -145.7908    0.00388923    0.00388923    0.00388923    0.00388923
14.41666603 480.00   SMAP    LMT  0.10   0.10  -4265608448.0000   739943552.0000    0.11646271   161.4365   0.00169448  -113.6569    0.00332813    56.0383    0.00139216  -133.2987    0.00134248    0.00134248    0.00134248    0.00134248
14.41666603 480.00   SMTO   ALMA  0.10   0.10  -2030328320.0000  5116520960.0000    0.24760838    94.4586   0.00251976   -61.1214    0.00130431     0.0090    0.00036602     0.3697    0.00131130    0.00131130    0.00131130    0.00131130
14.41666603 480.00   SMTO   APEX  0.10   0.10  -2031034496.0000  5114674688.0000    0.26250047    85.8670   0.01071230   -33.8749    0.04014653  -139.2596    0.00643304    80.0367    0.01311298    0.01311298    0.01311298    0.01311298
14.41666603 480.00   SMTO   JCMT  0.10   0.10   3211617792.0000   298589120.0000    0.29950475  -135.2098   0.01553042   163.7613    0.01090561   -93.4967    0.02325420   -95.2580    0.00606093    0.00606093    0.00606093    0.00606093
14.41666603 480.00   SMTO    LMT  0.10   0.10  -1053957760.0000  1038461120.0000    0.82075637   -14.3486   0.00382425  -144.4769    0.00336643   115.0300    0.00551014   107.5025    0.00209211    0.00209211    0.00209211    0.00209211
14.41666603 480.00   SMTO   SMAP  0.10   0.10   3211650816.0000   298517536.0000    0.29628947   150.1864   0.00376350    -0.9482    0.00766561   -78.9017    0.00656775   160.9333    0.00618854    0.00618854    0.00618854    0.00618854
14.41666603 480.00    SPT   ALMA  0.10   0.10  -4396225536.0000 -3088495872.0000    0.07961828    36.4500   0.00036939   -47.1062    0.00088458   134.8392    0.00004512   118.0143    0.00048083    0.00048083    0.00048083    0.00048083
14.41666603 480.00    SPT   APEX  0.10   0.10  -4396931584.0000 -3090341888.0000    0.08033928    24.1112   0.00555351   121.2792    0.00368242    15.7623    0.00748070   -29.9260    0.00480826    0.00480826    0.00480826    0.00480826
14.41666603 480.00    SPT   JCMT  0.10   0.10    845720704.0000 -7906427392.0000    0.06805052   146.0705   0.00399440   -60.6920    0.00327885   176.8329    0.00339314    16.7549    0.00222242    0.00222242    0.00222242    0.00222242
14.41666603 480.00    SPT    LMT  0.10   0.10  -3419854848.0000 -7166555648.0000    0.01557947   -56.4856   0.00088349   -45.0641    0.00154551   -15.4443    0.00109734    65.3977    0.00076713    0.00076713    0.00076713    0.00076713
14.41666603 480.00    SPT   SMAP  0.10   0.10    845753728.0000 -7906499072.0000    0.06878682    66.1512   0.00214445  -149.6301    0.00401887   153.0402    0.00068879  -132.0001    0.00226921    0.00226921    0.00226921    0.00226921
14.41666603 480.00    SPT   SMTO  0.10   0.10  -2365896960.0000 -8205016576.0000    0.03791769   -63.1343   0.00318122  -130.7649    0.00365041    51.9822    0.00068005   177.9321    0.00353631    0.00353631    0.00353631    0.00353631
